           1
          12
    1 CA ALA
    2 CA ALA
    3 CA ALA
    4 CA ALA
    5 CA LEU
    6 CA ILE
    7 CA PHE
    8 CA ALA
    9 CA THR
   10 CA ILE
   11 CA ALA
   12 CA ALA
          12
         500
  -0.562   0.232  -0.291
   3.194   0.637  -0.302
   6.208   0.402   1.889
   8.529   2.686   3.781
  12.096   3.787   4.212
  14.878   3.976   6.771
  16.984   6.388   8.765
  20.516   7.642   9.188
  23.498   7.632  11.526
  25.672   9.852  13.642
  29.309  10.613  14.484
  31.969   9.543  16.936
 continue
        1000
  -0.666  -0.192  -1.262
   3.021  -0.114  -0.532
   5.482   1.226   2.054
   7.902   3.930   2.921
  11.588   4.535   3.426
  14.315   4.497   6.021
  16.830   6.724   7.700
  20.432   7.613   8.314
  23.135   7.470  10.912
  24.941   9.441  13.598
  28.120  11.205  14.454
  31.213  10.784  16.598
 continue
        1500
  -0.317  -0.391  -2.734
   2.789  -0.207  -0.543
   4.634   2.037   1.840
   7.456   4.545   2.090
  11.174   4.937   2.647
  13.887   4.824   5.295
  16.179   7.003   7.358
  19.801   7.948   7.901
  22.668   7.597  10.307
  24.340   9.504  13.079
  27.201  11.729  14.200
  30.479  11.554  15.971
 continue
        2000
  -1.162   0.292  -3.637
   2.390   0.159  -2.396
   4.655   1.554   0.316
   7.272   4.080   1.238
  10.750   4.299   2.588
  12.816   5.470   5.542
  15.289   7.978   6.883
  18.959   8.440   7.588
  21.711   8.476  10.245
  23.715  10.657  12.627
  27.224  11.932  13.368
  30.264  11.544  15.605
 continue
        2500
  -1.295   0.808  -5.318
   2.144   0.776  -3.806
   4.082   1.534  -0.672
   6.599   3.857   0.843
  10.157   4.416   2.137
  12.381   5.244   5.101
  14.593   7.819   6.741
  18.166   8.692   7.727
  20.277   9.840  10.582
  23.176  12.087  11.539
  26.861  11.858  12.299
  29.482  11.892  14.990
 continue
        3000
  -0.788   0.689  -7.043
   1.812   0.755  -4.289
   3.113   2.641  -1.248
   6.175   4.616  -0.074
   9.295   4.487   2.075
  11.063   6.024   5.087
  13.947   8.238   6.040
  17.591   8.590   6.877
  20.282   8.896   9.561
  22.250  11.307  11.618
  25.671  12.894  11.956
  28.616  13.277  14.202
 continue
        3500
  -0.687   0.643  -7.753
   1.150   0.985  -4.503
   2.570   3.481  -2.042
   5.852   5.069  -1.188
   9.027   4.759   0.825
  10.755   6.006   3.945
  13.434   8.302   5.205
  17.013   8.594   6.416
  19.199   8.978   9.468
  21.165  11.565  11.385
  24.462  13.354  11.643
  27.796  13.506  13.322
 continue
        4000
  -2.531   1.203  -7.718
   0.791   1.091  -5.975
   2.809   2.722  -3.209
   5.542   5.019  -2.157
   8.834   5.100  -0.329
  10.356   6.224   2.912
  12.712   8.727   4.400
  16.248   8.878   5.778
  18.121   9.897   8.860
  20.565  12.553  10.045
  24.215  12.856  11.085
  26.449  13.592  14.038
 continue
        4500
  -2.778   1.586  -8.649
   0.516   1.250  -6.858
   2.266   2.420  -3.732
   4.875   4.873  -2.561
   8.290   5.066  -1.090
  10.176   6.513   1.858
  12.541   9.217   2.899
  15.899   9.368   4.497
  17.563  10.450   7.701
  19.969  12.873   9.142
  23.306  13.126  10.985
  24.823  13.167  14.434
 continue
        5000
  -2.700   0.746  -9.656
   0.025   1.070  -7.063
   1.588   3.639  -4.725
   4.706   5.625  -4.200
   7.908   5.502  -2.168
   9.398   6.872   1.003
  12.097   9.238   2.088
  15.545   9.371   3.660
  17.275   9.837   6.910
  18.952  12.343   9.130
  22.260  13.364  10.602
  24.069  14.015  13.859
 continue
        5500
  -2.976   0.485 -10.801
  -0.449   1.259  -8.103
   1.139   3.866  -5.829
   4.419   5.614  -5.273
   7.527   5.595  -3.169
   9.020   7.052   0.005
  11.825   9.220   1.295
  14.897   9.328   3.532
  16.113   9.954   7.056
  17.938  12.715   8.835
  21.477  13.658   9.800
  23.784  14.014  12.788
 continue
        6000
  -3.582   1.492 -12.299
  -0.685   1.452  -9.882
   0.771   3.503  -7.081
   3.972   5.037  -5.781
   6.771   4.895  -3.289
   8.070   6.744  -0.267
  10.536   9.301   0.997
  13.830   9.824   2.753
  15.437  10.961   5.987
  17.793  13.320   7.745
  21.266  13.716   9.339
  23.200  14.297  12.499
 continue
        6500
  -3.264   2.002 -14.188
  -0.889   1.693 -11.311
   0.160   2.994  -7.891
   2.601   5.306  -6.190
   5.632   5.233  -3.837
   7.401   6.867  -0.890
  10.044   9.324   0.186
  13.238   9.587   2.234
  14.782  11.158   5.283
  17.353  13.647   6.593
  20.461  13.806   8.690
  22.182  15.217  11.728
 continue
        7000
  -3.438   1.631 -15.125
  -1.572   1.755 -11.870
  -0.346   4.211  -9.276
   2.697   5.798  -7.688
   5.294   5.741  -4.947
   6.477   7.371  -1.736
   9.124   9.500  -0.208
  12.286   9.289   1.835
  13.855  10.734   4.996
  15.972  13.592   6.197
  19.405  14.704   7.303
  21.351  15.729  10.356
 continue
        7500
  -4.112   2.019 -15.756
  -2.369   2.301 -12.419
  -0.609   4.727 -10.167
   2.816   5.851  -9.043
   4.977   5.715  -5.956
   5.707   7.565  -2.785
   8.377   9.808  -1.407
  11.407  10.193   0.854
  12.870  11.380   4.149
  14.677  14.321   5.619
  18.148  15.409   6.744
  20.615  15.210   9.544
 continue
        8000
  -5.060   2.690 -16.782
  -2.858   2.049 -13.841
  -1.525   3.800 -10.686
   1.287   6.038  -9.494
   4.133   6.458  -7.026
   5.160   8.286  -3.856
   7.784  10.579  -2.431
  10.835  10.724  -0.215
  12.046  12.205   2.972
  14.679  14.570   4.304
  17.854  14.877   6.252
  18.950  15.772   9.778
 continue
        8500
  -5.663   2.044 -17.587
  -3.285   2.356 -14.648
  -2.284   4.198 -11.554
   0.190   6.786 -10.321
   3.111   7.116  -7.958
   4.535   8.744  -4.854
   7.266  11.028  -3.590
  10.261  10.928  -1.290
  11.701  12.426   1.821
  14.300  14.688   3.205
  17.119  14.930   5.772
  17.842  16.177   9.238
 continue
        9000
  -6.187   1.655 -18.101
  -4.407   2.625 -14.914
  -2.819   5.604 -13.204
   0.455   6.919 -11.999
   2.762   7.093  -9.032
   3.922   9.261  -6.174
   6.780  11.383  -4.867
   9.559  11.364  -2.280
  10.576  12.688   1.147
  12.735  15.145   3.057
  16.113  15.737   4.694
  18.064  15.912   7.987
 continue
        9500
  -6.845   1.771 -19.158
  -5.430   3.265 -15.954
  -3.265   6.054 -14.483
   0.083   6.878 -12.953
   2.187   7.186  -9.816
   3.229   9.555  -7.059
   6.134  11.623  -5.785
   8.781  11.849  -3.048
   9.773  13.377   0.217
  12.321  15.710   1.742
  15.511  15.519   3.688
  17.282  16.386   6.921
 continue
       10000
  -7.282   2.679 -20.619
  -5.484   3.277 -17.345
  -4.297   5.993 -15.067
  -1.093   7.197 -13.408
   0.654   7.840 -10.148
   2.561  10.447  -8.228
   5.998  11.212  -6.820
   8.034  11.666  -3.721
   9.643  14.102  -1.325
  12.738  15.593   0.115
  14.913  15.742   3.226
  15.942  17.914   6.070
 continue
       10500
  -7.857   3.179 -21.397
  -6.717   4.352 -18.049
  -4.556   6.889 -16.256
  -1.258   7.157 -14.435
   0.162   7.717 -10.979
   1.958  10.356  -8.963
   5.310  11.360  -7.558
   7.355  11.850  -4.439
   8.961  14.594  -2.391
  12.286  15.665  -0.795
  14.128  16.254   2.421
  15.485  18.975   4.728
 continue
       11000
  -8.890   3.518 -21.436
  -7.493   5.791 -18.763
  -4.320   7.242 -17.468
  -1.420   7.036 -15.087
  -0.282   8.383 -11.726
   2.125  10.844 -10.288
   5.258  11.239  -8.248
   6.362  11.972  -4.701
   7.515  14.896  -2.626
  10.810  16.542  -1.806
  13.410  16.762   0.899
  15.028  19.149   3.319
 continue
       11500
  -9.711   3.717 -21.881
  -8.165   6.059 -19.338
  -4.789   7.408 -18.408
  -2.220   7.169 -15.613
  -1.202   8.976 -12.502
   1.289  11.356 -11.006
   4.404  11.513  -8.908
   5.557  12.609  -5.554
   7.325  15.503  -3.842
  10.673  16.627  -2.676
  12.859  17.246   0.286
  13.821  19.923   2.763
 continue
       12000
 -10.185   3.803 -23.066
  -8.994   5.470 -19.890
  -6.108   7.507 -18.557
  -3.303   7.545 -16.027
  -2.045   9.593 -13.106
   0.620  11.964 -11.998
   3.676  12.036  -9.744
   5.013  13.868  -6.675
   7.661  16.105  -5.296
  10.534  16.522  -2.823
  11.394  17.854   0.555
  13.584  20.535   2.063
 continue
       12500
 -10.820   2.937 -22.666
  -9.571   5.842 -20.633
  -6.661   7.947 -19.557
  -4.136   8.388 -16.755
  -2.630  10.472 -14.020
   0.365  12.386 -12.835
   3.039  12.450 -10.122
   4.250  14.301  -7.104
   6.949  16.638  -5.877
   9.765  16.774  -3.408
  10.834  18.376  -0.142
  13.392  20.770   1.346
 continue
       13000
 -11.985   3.393 -22.618
 -10.003   6.230 -21.106
  -6.571   7.294 -20.087
  -4.253   8.048 -17.154
  -3.433  10.715 -14.634
  -0.520  12.845 -13.508
   2.119  13.264 -10.815
   3.194  14.871  -7.557
   5.811  17.224  -6.142
   9.064  17.358  -4.211
  10.665  18.476  -0.977
  12.678  21.188   0.835
 continue
       13500
 -12.080   3.364 -23.660
 -10.736   6.112 -21.414
  -7.490   7.475 -20.030
  -5.473   8.007 -16.879
  -4.029  10.788 -14.717
  -0.791  12.409 -13.817
   1.791  12.963 -11.104
   2.828  15.468  -8.428
   5.458  17.857  -7.255
   8.439  18.059  -4.956
   9.697  19.067  -1.606
  11.587  21.599   0.505
 continue
       14000
 -12.422   2.941 -23.604
 -11.313   6.149 -21.943
  -8.267   8.038 -20.727
  -5.987   8.362 -17.682
  -4.710  10.592 -14.986
  -1.985  12.929 -13.956
   0.968  13.083 -11.564
   2.236  15.197  -8.740
   5.148  17.336  -7.568
   7.914  17.738  -5.085
   8.879  19.550  -1.948
  10.798  22.642  -0.998
 continue
       14500
 -13.324   3.262 -24.392
 -12.060   5.852 -21.973
  -9.004   7.678 -20.853
  -6.569   8.072 -17.986
  -4.987  10.713 -15.822
  -1.888  12.612 -14.880
   0.328  13.063 -11.827
   1.117  15.508  -9.032
   3.869  17.709  -7.845
   6.697  18.058  -5.329
   8.042  20.236  -2.526
  10.804  22.758  -1.864
 continue
       15000
 -14.450   3.453 -24.060
 -12.202   6.267 -23.022
  -8.809   7.069 -21.614
  -7.073   7.833 -18.373
  -6.180  10.584 -15.942
  -3.059  12.399 -14.904
  -0.696  13.246 -12.091
   0.613  15.898  -9.808
   3.555  18.159  -9.172
   6.220  18.630  -6.557
   7.217  20.690  -3.566
   9.774  23.244  -2.271
 continue
       15500
 -14.813   3.275 -25.018
 -12.693   6.013 -23.445
  -9.620   6.593 -21.397
  -8.364   8.296 -18.219
  -6.603  11.453 -17.072
  -3.201  12.658 -15.984
  -1.066  13.321 -12.944
   0.012  15.796 -10.277
   2.693  18.370  -9.490
   5.618  19.048  -7.281
   6.647  21.447  -4.582
   8.998  24.152  -3.457
 continue
       16000
 -15.602   2.912 -25.050
 -13.784   5.772 -23.468
 -10.374   7.055 -22.438
  -8.634   8.556 -19.418
  -6.949  11.556 -17.878
  -3.880  12.787 -16.139
  -2.255  13.961 -12.961
  -0.583  16.997 -11.422
   2.825  18.275 -10.376
   4.943  19.399  -7.421
   5.739  22.314  -5.226
   8.313  24.945  -4.485
 continue
       16500
 -16.710   3.229 -24.867
 -14.272   5.959 -24.118
 -11.021   6.979 -22.492
  -9.425   8.427 -19.361
  -7.693  11.590 -18.205
  -4.453  13.217 -17.240
  -2.435  14.092 -14.159
  -1.212  17.060 -12.178
   1.805  19.113 -11.193
   3.585  20.445  -8.117
   5.049  23.494  -6.383
   8.192  24.664  -4.680
 continue
       17000
 -17.486   3.286 -24.802
 -14.761   5.837 -24.406
 -11.774   6.738 -22.355
 -10.464   9.176 -19.756
  -8.074  11.996 -18.945
  -4.900  12.797 -17.037
  -3.765  15.129 -14.326
  -1.933  18.343 -13.613
   1.286  19.577 -12.102
   3.070  20.492  -8.938
   4.337  23.237  -6.663
   7.308  25.510  -6.011
 continue
       17500
 -18.150   3.447 -25.041
 -14.821   5.168 -24.502
 -12.407   6.796 -22.051
 -11.666   9.965 -20.179
  -9.093  12.675 -19.649
  -6.062  13.281 -17.539
  -4.631  15.598 -14.984
  -2.132  18.351 -14.239
   0.949  19.434 -12.336
   2.111  21.268  -9.259
   3.796  24.485  -8.262
   7.005  25.981  -6.812
 continue
       18000
 -18.701   3.055 -25.421
 -15.899   5.526 -24.795
 -13.648   6.902 -22.073
 -12.392  10.177 -20.636
  -9.247  12.134 -19.952
  -6.862  13.387 -17.291
  -5.624  16.481 -15.415
  -2.674  18.883 -14.948
  -0.196  19.860 -12.293
   0.923  22.760 -10.241
   3.759  25.201  -9.638
   6.702  25.801  -7.368
 continue
       18500
 -19.604   4.054 -26.129
 -16.186   5.020 -24.889
 -14.596   6.913 -21.964
 -12.878  10.172 -21.105
  -9.580  11.526 -20.008
  -8.075  13.666 -17.288
  -6.791  17.056 -16.169
  -3.697  19.061 -15.362
  -1.582  20.368 -12.587
   0.182  23.281 -11.073
   3.476  25.123 -10.857
   5.983  26.565  -8.410
 continue
       19000
 -19.209   3.960 -27.337
 -16.885   4.998 -24.570
 -16.213   7.764 -22.096
 -13.833  10.614 -21.618
 -10.627  11.539 -19.864
  -9.028  13.768 -17.272
  -7.195  17.033 -16.735
  -3.861  18.515 -15.658
  -2.093  20.399 -12.953
  -0.819  23.844 -12.236
   2.513  25.648 -11.953
   4.850  27.177  -9.367
 continue
       19500
 -19.998   3.566 -27.455
 -17.624   5.043 -24.971
 -16.687   8.238 -23.275
 -13.845  10.538 -22.444
 -11.483  11.708 -19.762
 -10.377  14.516 -17.520
  -7.675  17.087 -17.528
  -4.478  18.005 -15.687
  -3.149  20.825 -13.475
  -1.123  23.994 -13.659
   2.138  25.631 -12.599
   3.547  28.234 -10.232
 continue
       20000
 -20.555   3.494 -27.807
 -19.049   5.240 -24.850
 -17.228   8.410 -23.753
 -13.839   9.895 -22.886
 -11.874  11.452 -20.049
 -10.747  14.851 -19.003
  -7.741  16.995 -18.770
  -5.693  18.646 -16.064
  -4.711  21.965 -14.515
  -1.904  24.491 -14.463
   1.254  25.495 -12.696
   3.011  28.117 -10.659
 continue
       20500
 -20.856   2.592 -27.365
 -19.816   5.415 -25.160
 -17.725   8.561 -24.953
 -14.398   9.867 -23.608
 -12.865  11.862 -20.751
 -11.628  15.325 -20.005
  -8.448  17.241 -19.510
  -6.176  18.858 -17.003
  -5.026  22.122 -15.648
  -2.002  24.246 -15.201
   0.336  25.709 -12.685
   1.408  28.709 -10.848
 continue
       21000
 -21.573   2.162 -27.258
 -20.325   5.017 -25.214
 -18.465   8.311 -25.409
 -15.385  10.108 -24.085
 -14.137  12.923 -21.859
 -11.792  15.936 -21.665
  -8.590  16.973 -20.042
  -6.968  18.817 -17.177
  -5.528  22.239 -16.348
  -2.272  24.072 -15.641
  -0.529  25.813 -12.748
   0.198  29.283 -11.444
 continue
       21500
 -22.586   2.283 -27.154
 -21.399   5.703 -26.144
 -18.600   8.151 -26.317
 -15.724   9.528 -24.470
 -14.586  12.306 -22.179
 -12.398  15.350 -21.981
  -9.328  17.037 -20.649
  -8.136  19.678 -18.170
  -6.179  22.891 -17.611
  -3.103  24.269 -15.888
  -1.795  26.256 -12.880
   0.116  29.377 -11.897
 continue
       22000
 -23.520   2.385 -27.851
 -21.985   5.809 -27.393
 -18.716   7.656 -26.612
 -16.669   9.476 -24.028
 -15.490  12.880 -23.016
 -12.504  15.204 -22.681
  -9.958  16.783 -20.402
  -9.200  19.748 -18.172
  -7.034  22.829 -17.954
  -3.894  24.266 -16.461
  -2.511  26.562 -13.810
  -1.002  29.887 -12.913
 continue
       22500
 -24.183   2.379 -28.887
 -22.470   5.732 -28.237
 -19.214   7.404 -27.017
 -17.672   9.591 -24.270
 -16.358  13.051 -23.363
 -13.181  15.143 -22.896
 -10.845  16.679 -20.308
  -9.898  20.024 -18.752
  -7.078  22.490 -18.464
  -4.627  24.067 -16.097
  -3.860  27.272 -14.222
  -2.185  30.574 -14.642
 continue
       23000
 -24.722   2.732 -29.404
 -22.805   5.937 -29.097
 -19.685   7.482 -27.733
 -18.518   9.418 -24.793
 -16.840  12.668 -23.857
 -13.634  14.390 -22.834
 -12.313  16.784 -20.267
 -10.968  20.248 -19.784
  -8.126  22.602 -19.043
  -6.108  24.682 -16.624
  -5.098  28.147 -15.423
  -2.182  30.513 -15.042
 continue
       23500
 -25.705   3.262 -30.203
 -22.704   5.500 -29.833
 -20.032   6.869 -27.575
 -19.418   9.795 -25.338
 -17.536  12.993 -24.721
 -14.424  14.640 -23.269
 -13.378  17.144 -20.710
 -12.171  20.660 -20.206
  -9.029  22.551 -19.322
  -7.445  24.826 -16.728
  -6.288  28.345 -15.927
  -2.925  30.079 -16.183
 continue
       24000
 -25.879   2.758 -30.931
 -23.067   5.281 -30.520
 -21.376   7.171 -27.723
 -20.769  10.448 -25.996
 -17.997  13.003 -25.577
 -15.487  14.261 -23.019
 -14.612  17.473 -21.162
 -12.407  20.602 -21.203
  -9.416  22.267 -19.617
  -8.563  24.954 -17.126
  -7.148  28.451 -16.903
  -4.070  30.320 -15.988
 continue
       24500
 -26.904   3.327 -31.791
 -23.569   4.730 -30.674
 -22.275   6.820 -27.740
 -21.356  10.362 -26.907
 -18.529  12.755 -26.560
 -16.633  14.595 -23.858
 -15.621  17.910 -22.345
 -12.785  20.305 -21.753
 -10.464  22.039 -19.303
  -9.994  25.375 -17.612
  -7.516  28.214 -17.479
  -5.063  30.091 -15.322
 continue
       25000
 -27.725   2.883 -32.339
 -24.673   4.626 -30.907
 -23.556   7.393 -28.665
 -21.573  10.517 -28.274
 -18.660  12.185 -26.538
 -17.458  14.723 -24.002
 -16.339  18.245 -23.325
 -13.441  20.465 -22.534
 -12.117  22.374 -19.646
 -11.115  25.787 -18.396
  -8.009  27.746 -17.484
  -6.126  29.271 -14.627
 continue
       25500
 -27.789   2.599 -33.403
 -25.624   4.536 -30.979
 -25.021   7.855 -29.229
 -22.575  10.755 -29.067
 -19.672  11.987 -26.874
 -18.888  15.090 -24.742
 -16.900  18.286 -24.419
 -14.072  19.824 -22.511
 -13.325  22.138 -19.567
 -11.936  25.539 -18.495
  -8.836  27.317 -17.263
  -7.315  29.588 -14.659
 continue
       26000
 -27.703   2.399 -34.229
 -26.561   4.745 -31.456
 -26.006   8.274 -30.339
 -23.091  10.511 -29.550
 -21.119  12.138 -26.802
 -20.247  15.372 -25.068
 -17.556  17.962 -24.752
 -15.108  19.459 -22.353
 -14.491  22.300 -19.986
 -12.325  25.339 -19.411
  -9.690  26.926 -17.262
  -8.704  29.295 -14.557
 continue
       26500
 -28.783   2.465 -34.968
 -27.635   4.891 -32.221
 -25.914   8.227 -31.644
 -23.248  10.091 -29.817
 -22.318  12.364 -26.999
 -21.270  15.841 -25.998
 -18.161  17.592 -24.635
 -17.114  19.557 -21.601
 -15.665  22.957 -20.850
 -12.534  24.847 -19.849
 -10.642  26.096 -16.824
  -9.857  29.401 -15.164
 continue
       27000
 -29.254   2.472 -35.030
 -28.689   5.952 -33.584
 -26.070   8.502 -32.717
 -24.225   9.827 -29.772
 -23.966  13.008 -27.874
 -21.449  15.778 -27.169
 -18.753  16.867 -24.679
 -18.089  19.595 -22.184
 -16.375  22.818 -21.347
 -13.284  24.223 -19.690
 -12.099  26.154 -16.652
 -10.657  29.542 -15.634
 continue
       27500
 -30.685   3.005 -35.602
 -29.203   6.445 -34.890
 -26.254   8.050 -33.259
 -25.440  10.018 -30.180
 -24.373  13.387 -28.848
 -21.358  15.469 -27.912
 -19.659  16.889 -24.857
 -18.948  19.955 -22.853
 -16.354  22.480 -22.126
 -14.253  23.678 -19.240
 -13.752  26.513 -16.793
 -11.453  29.449 -16.109
 continue
       28000
 -32.122   3.885 -36.724
 -29.601   6.639 -36.183
 -27.107   7.818 -33.550
 -26.281  10.409 -30.901
 -24.132  13.435 -30.078
 -21.399  14.692 -27.770
 -20.984  17.219 -24.957
 -19.341  20.428 -24.078
 -16.497  21.956 -22.064
 -15.865  23.859 -18.883
 -14.933  27.223 -17.624
 -11.953  28.957 -16.162
 continue
       28500
 -32.679   5.219 -38.425
 -29.483   6.460 -36.807
 -28.356   7.987 -33.606
 -27.185  11.244 -32.020
 -24.077  13.105 -30.942
 -22.484  14.394 -27.797
 -22.003  17.401 -25.590
 -19.557  20.096 -24.499
 -17.472  21.481 -21.651
 -17.216  24.374 -19.101
 -15.209  27.479 -18.375
 -12.712  29.115 -16.158
 continue
       29000
 -32.348   5.861 -40.291
 -30.309   6.548 -37.242
 -29.557   8.682 -34.260
 -27.550  11.619 -33.023
 -24.685  12.761 -30.824
 -23.822  14.605 -27.671
 -22.618  17.802 -26.138
 -19.791  19.855 -24.896
 -18.381  21.323 -21.675
 -17.950  24.778 -20.064
 -15.416  27.310 -18.990
 -13.988  29.232 -16.110
 continue
       29500
 -32.682   5.720 -41.106
 -30.760   6.675 -38.003
 -30.187   9.296 -35.387
 -27.607  11.632 -33.854
 -25.584  12.602 -30.722
 -25.177  15.403 -28.177
 -22.808  18.151 -27.152
 -20.420  19.291 -24.534
 -20.216  22.004 -21.881
 -18.654  25.334 -20.908
 -15.872  27.041 -19.070
 -14.736  28.589 -15.870
 continue
       30000
 -32.302   5.237 -41.515
 -31.619   7.067 -38.247
 -30.635  10.229 -36.488
 -27.673  11.841 -34.688
 -26.596  12.787 -31.182
 -26.066  15.897 -29.064
 -23.571  18.362 -27.752
 -21.921  19.498 -24.560
 -21.131  22.483 -22.375
 -18.558  25.057 -21.156
 -16.323  26.021 -18.299
 -15.556  28.728 -15.835
 continue
       30500
 -31.902   5.068 -41.773
 -32.140   7.634 -39.027
 -30.568  10.724 -37.570
 -28.434  11.688 -34.697
 -28.191  14.071 -31.821
 -26.443  17.091 -30.428
 -23.567  18.342 -28.240
 -22.535  19.467 -24.819
 -21.671  22.594 -22.880
 -18.705  24.290 -21.296
 -17.238  25.252 -18.012
 -16.737  28.245 -15.776
 continue
       31000
 -32.506   5.123 -42.192
 -32.654   8.180 -39.882
 -30.249  10.733 -38.566
 -28.705  11.894 -35.335
 -28.560  14.665 -32.782
 -26.398  17.483 -31.420
 -24.337  18.211 -28.270
 -23.871  20.339 -25.189
 -21.832  23.028 -23.579
 -19.123  23.526 -21.000
 -18.546  24.551 -17.387
 -17.367  27.804 -15.806
 continue
       31500
 -33.608   5.619 -42.597
 -32.974   9.017 -41.046
 -30.232  10.791 -39.188
 -29.125  11.902 -35.791
 -28.706  14.939 -33.662
 -26.298  17.246 -31.861
 -24.793  17.937 -28.437
 -24.542  20.729 -25.957
 -22.255  22.843 -23.887
 -20.472  23.161 -20.576
 -20.043  25.225 -17.464
 -17.392  27.131 -15.469
 continue
       32000
 -34.568   6.516 -43.718
 -32.814   9.624 -42.396
 -30.582  10.785 -39.581
 -30.249  12.530 -36.269
 -29.049  15.594 -34.403
 -26.399  16.680 -31.970
 -25.493  17.560 -28.370
 -24.981  20.556 -26.132
 -22.281  22.146 -24.052
 -21.218  22.444 -20.452
 -20.977  25.091 -17.777
 -18.878  27.482 -15.746
 continue
       32500
 -35.196   8.115 -45.377
 -33.045  10.410 -43.272
 -31.091  10.787 -40.063
 -30.852  12.629 -36.755
 -29.186  15.398 -34.851
 -26.597  15.900 -32.162
 -26.313  17.541 -28.779
 -25.141  20.432 -26.664
 -22.737  21.513 -23.952
 -22.589  22.485 -20.308
 -21.982  25.419 -18.017
 -19.742  27.415 -15.757
 continue
       33000
 -35.905   9.658 -46.283
 -33.165  11.027 -44.122
 -31.306  11.055 -40.831
 -31.027  13.269 -37.750
 -28.709  15.402 -35.583
 -27.144  15.466 -32.123
 -27.521  17.450 -28.959
 -25.894  20.159 -26.902
 -23.998  20.960 -23.715
 -23.896  22.918 -20.452
 -22.464  25.776 -18.476
 -20.388  26.771 -15.496
 continue
       33500
 -35.703  10.671 -47.477
 -33.092  11.348 -44.855
 -32.381  11.796 -41.208
 -31.778  14.274 -38.448
 -29.144  15.348 -35.934
 -28.318  15.803 -32.307
 -28.247  18.004 -29.302
 -26.106  20.143 -27.071
 -24.880  20.437 -23.506
 -24.963  22.630 -20.427
 -23.289  25.490 -18.642
 -21.176  26.154 -15.636
 continue
       34000
 -35.025  11.601 -48.442
 -33.113  11.800 -45.238
 -33.766  12.593 -41.617
 -32.808  15.127 -38.962
 -30.281  15.598 -36.216
 -29.733  16.071 -32.484
 -29.084  18.579 -29.752
 -26.582  20.225 -27.444
 -25.510  20.390 -23.784
 -25.705  22.786 -20.860
 -23.543  24.849 -18.577
 -22.265  24.910 -15.065
 continue
       34500
 -35.334  12.259 -48.955
 -33.630  12.008 -45.642
 -34.121  13.221 -42.101
 -32.789  15.725 -39.616
 -30.888  16.093 -36.343
 -31.239  17.094 -32.739
 -30.156  19.767 -30.325
 -27.826  20.212 -27.361
 -27.277  20.438 -23.645
 -26.522  22.900 -20.872
 -23.746  23.909 -18.520
 -23.125  23.957 -14.838
 continue
       35000
 -34.883  12.256 -49.434
 -34.699  12.193 -45.685
 -34.901  14.415 -42.632
 -32.921  16.494 -40.187
 -31.629  16.593 -36.646
 -32.209  17.652 -33.053
 -30.661  19.922 -30.511
 -28.785  19.633 -27.269
 -29.003  20.702 -23.668
 -27.403  22.966 -21.148
 -24.760  22.971 -18.432
 -24.145  22.814 -14.683
 continue
       35500
 -35.038  12.736 -50.110
 -35.242  13.072 -46.363
 -35.271  15.309 -43.346
 -33.409  16.671 -40.412
 -32.906  16.316 -36.717
 -33.128  18.421 -33.611
 -31.037  20.008 -30.924
 -29.545  19.382 -27.489
 -29.571  20.434 -23.889
 -27.599  22.295 -21.331
 -25.941  22.141 -17.910
 -26.346  22.724 -14.166
 continue
       36000
 -35.469  13.605 -50.645
 -36.255  13.995 -46.969
 -35.577  16.167 -43.902
 -33.435  16.322 -40.791
 -33.472  16.314 -37.020
 -33.061  18.739 -34.158
 -30.870  19.412 -31.149
 -30.407  19.038 -27.377
 -30.573  20.925 -24.126
 -28.601  22.122 -21.164
 -27.851  21.369 -17.518
 -28.015  22.273 -13.828
 continue
       36500
 -36.762  14.035 -50.885
 -36.805  15.168 -47.319
 -35.122  17.229 -44.593
 -33.241  16.754 -41.282
 -33.663  16.835 -37.522
 -33.030  18.798 -34.334
 -31.131  18.913 -31.044
 -31.562  18.569 -27.281
 -31.555  20.550 -24.079
 -29.600  21.245 -21.001
 -29.455  20.637 -17.302
 -29.849  22.572 -14.126
 continue
       37000
 -37.187  15.039 -51.140
 -37.336  16.355 -47.664
 -35.158  17.463 -44.815
 -34.049  16.556 -41.375
 -34.526  17.688 -37.843
 -33.094  19.019 -34.696
 -31.645  18.279 -31.319
 -32.408  18.246 -27.603
 -32.003  20.177 -24.384
 -30.566  20.533 -20.927
 -31.279  20.227 -17.208
 -31.816  22.372 -14.132
 continue
       37500
 -37.604  15.915 -51.660
 -37.436  17.420 -48.245
 -35.259  17.522 -45.183
 -35.066  16.600 -41.520
 -35.379  17.989 -37.999
 -33.448  18.782 -34.838
 -32.776  17.810 -31.277
 -33.652  19.032 -27.754
 -32.562  20.861 -24.605
 -31.571  19.862 -21.122
 -33.075  19.690 -17.650
 -33.106  21.369 -14.239
 continue
       38000
 -38.084  16.611 -51.808
 -36.977  18.478 -48.757
 -35.133  17.650 -45.559
 -35.746  16.986 -41.861
 -35.920  18.669 -38.460
 -34.042  19.227 -35.237
 -34.334  18.135 -31.655
 -35.056  19.397 -28.150
 -33.482  19.985 -24.766
 -33.543  18.890 -21.222
 -34.614  20.034 -17.804
 -33.331  21.024 -14.410
 continue
       38500
 -37.647  17.428 -52.669
 -36.905  18.726 -49.255
 -35.752  18.165 -45.675
 -36.800  18.334 -42.057
 -35.786  19.741 -38.733
 -34.772  18.504 -35.389
 -36.148  18.180 -31.945
 -35.964  19.840 -28.543
 -34.506  19.447 -25.096
 -35.465  18.842 -21.487
 -35.675  20.372 -18.040
 -33.846  20.711 -14.769
 continue
       39000
 -37.577  19.103 -52.957
 -36.051  18.740 -49.575
 -36.584  17.758 -45.995
 -37.860  18.741 -42.557
 -36.752  19.928 -39.171
 -36.245  18.687 -35.666
 -37.499  19.215 -32.184
 -36.479  20.411 -28.763
 -35.629  19.000 -25.394
 -36.802  19.131 -21.870
 -36.237  20.552 -18.422
 -35.224  19.979 -14.836
 continue
       39500
 -37.072  19.903 -53.424
 -36.322  19.124 -49.839
 -37.926  18.365 -46.506
 -38.181  19.797 -43.004
 -36.758  19.499 -39.486
 -37.722  18.603 -35.960
 -38.543  20.000 -32.551
 -37.116  20.741 -29.137
 -36.931  19.390 -25.631
 -38.182  19.926 -22.138
 -37.125  20.628 -18.587
 -36.499  18.910 -15.235
 continue
       40000
 -37.221  20.303 -53.830
 -37.169  19.324 -50.214
 -38.730  19.943 -46.877
 -37.871  21.086 -43.378
 -37.340  19.791 -39.869
 -38.936  19.437 -36.476
 -38.949  20.652 -32.850
 -37.862  19.772 -29.262
 -39.143  19.009 -25.751
 -39.454  20.309 -22.205
 -37.596  20.470 -18.920
 -37.951  19.230 -15.346
 continue
       40500
 -36.872  21.223 -53.977
 -38.495  20.095 -50.764
 -39.404  21.070 -47.248
 -38.262  21.079 -43.616
 -38.992  19.817 -40.194
 -39.918  20.498 -36.674
 -38.858  21.004 -33.115
 -38.610  19.482 -29.694
 -40.240  19.395 -26.285
 -39.958  20.734 -22.814
 -38.878  20.033 -19.294
 -40.215  19.286 -15.836
 continue
       41000
 -37.582  21.751 -54.374
 -39.221  20.853 -51.126
 -39.165  22.001 -47.539
 -38.300  21.072 -43.951
 -39.824  19.731 -40.708
 -40.843  20.858 -37.265
 -39.640  21.080 -33.632
 -40.573  19.651 -30.234
 -41.257  20.527 -26.631
 -39.862  20.423 -23.087
 -40.616  19.073 -19.670
 -42.665  19.425 -16.497
 continue
       41500
 -38.280  21.584 -54.814
 -40.009  21.786 -51.495
 -39.446  22.440 -47.866
 -39.261  20.843 -44.381
 -40.714  20.876 -40.890
 -40.149  21.853 -37.316
 -40.046  20.344 -33.890
 -42.127  19.763 -30.854
 -42.659  20.692 -27.261
 -41.627  19.922 -23.719
 -43.036  18.842 -20.410
 -43.501  19.690 -16.736
 continue
       42000
 -39.680  21.199 -55.048
 -39.871  22.867 -51.673
 -39.120  22.902 -48.009
 -40.217  21.175 -44.783
 -41.906  21.645 -41.428
 -41.078  22.099 -37.817
 -41.455  20.186 -34.579
 -43.096  20.389 -31.184
 -42.391  20.769 -27.475
 -42.969  18.992 -24.205
 -45.088  18.660 -21.129
 -45.412  20.130 -17.654
 continue
       42500
 -40.079  22.259 -55.746
 -40.742  23.166 -52.131
 -40.239  22.072 -48.566
 -41.758  21.113 -45.252
 -42.146  22.332 -41.725
 -41.146  21.600 -38.233
 -42.551  20.180 -35.049
 -44.226  21.079 -31.768
 -43.794  20.992 -28.004
 -44.636  19.153 -24.781
 -46.546  19.128 -21.580
 -46.568  19.364 -17.778
 continue
       43000
 -41.800  22.838 -56.176
 -40.932  23.433 -52.522
 -40.436  21.758 -49.176
 -42.221  21.142 -45.821
 -42.993  22.476 -42.351
 -42.807  21.646 -38.654
 -44.591  20.430 -35.480
 -45.435  21.402 -31.926
 -44.644  20.582 -28.315
 -46.078  18.776 -25.356
 -47.678  19.675 -22.069
 -47.395  19.449 -18.287
 continue
       43500
 -41.696  22.889 -56.481
 -41.686  23.721 -52.841
 -42.140  21.917 -49.609
 -44.083  22.030 -46.369
 -43.589  22.530 -42.638
 -43.522  20.908 -39.233
 -45.657  20.122 -36.142
 -46.515  21.037 -32.587
 -46.108  20.146 -28.979
 -47.651  19.175 -25.691
 -48.716  20.320 -22.261
 -48.252  19.466 -18.581
 continue
       44000
 -42.420  23.818 -56.767
 -42.279  23.534 -52.988
 -42.839  21.584 -49.790
 -45.087  21.511 -46.748
 -44.981  22.054 -43.029
 -45.488  20.420 -39.700
 -47.312  20.883 -36.423
 -46.804  21.115 -32.681
 -47.089  19.384 -29.366
 -49.186  19.235 -26.213
 -49.745  20.654 -22.791
 -48.866  19.852 -19.174
 continue
       44500
 -43.549  24.318 -56.635
 -42.729  22.609 -53.313
 -44.475  21.441 -50.192
 -45.861  22.276 -46.766
 -45.517  21.795 -43.066
 -46.500  19.645 -40.162
 -48.624  19.898 -37.038
 -48.571  21.249 -33.507
 -48.291  20.033 -29.920
 -50.190  19.951 -26.721
 -50.313  20.904 -23.091
 -50.155  19.576 -19.561
 continue
       45000
 -44.288  24.100 -57.079
 -43.670  22.701 -53.627
 -45.571  21.257 -50.705
 -46.875  22.057 -47.278
 -46.410  21.425 -43.590
 -48.053  19.940 -40.552
 -49.669  20.661 -37.213
 -48.778  20.771 -33.531
 -49.621  19.472 -30.103
 -52.013  20.016 -27.211
 -51.952  20.986 -23.582
 -50.986  19.971 -20.031
 continue
       45500
 -44.856  23.609 -57.617
 -44.729  22.248 -54.136
 -46.819  21.478 -51.136
 -47.769  22.645 -47.682
 -47.508  21.628 -44.057
 -49.307  20.243 -41.013
 -50.460  20.881 -37.453
 -49.740  20.364 -33.790
 -51.238  19.390 -30.495
 -52.843  20.699 -27.317
 -52.190  20.632 -23.583
 -53.454  19.518 -20.170
 continue
       46000
 -45.664  23.631 -57.792
 -46.399  21.575 -54.691
 -48.447  21.490 -51.527
 -48.164  22.356 -47.812
 -48.138  21.137 -44.204
 -50.362  20.615 -41.173
 -51.122  21.912 -37.680
 -50.795  21.237 -33.985
 -52.837  20.056 -31.030
 -53.739  20.908 -27.495
 -53.176  19.960 -23.869
 -54.907  18.646 -20.798
 continue
       46500
 -46.822  22.476 -58.469
 -47.413  21.663 -54.820
 -49.384  22.179 -51.588
 -48.950  22.596 -47.864
 -49.981  20.951 -44.634
 -51.830  21.750 -41.470
 -51.239  22.366 -37.829
 -51.517  20.659 -34.454
 -53.753  19.966 -31.478
 -54.770  20.945 -27.966
 -54.422  20.105 -24.357
 -56.073  18.117 -21.619
 continue
       47000
 -47.322  21.880 -58.207
 -49.173  21.026 -55.053
 -50.757  22.578 -52.044
 -50.054  23.311 -48.444
 -50.182  21.775 -45.018
 -52.424  21.269 -42.054
 -52.548  22.179 -38.414
 -52.692  20.614 -34.994
 -54.924  20.618 -31.981
 -54.862  20.819 -28.253
 -55.433  19.116 -24.924
 -57.500  18.921 -21.797
 continue
       47500
 -48.602  22.561 -58.882
 -49.890  21.096 -55.699
 -51.170  22.197 -52.315
 -50.581  22.225 -48.574
 -52.210  21.057 -45.384
 -53.581  22.372 -42.107
 -52.817  22.521 -38.423
 -53.785  20.646 -35.330
 -56.092  20.416 -32.361
 -55.918  21.192 -28.660
 -55.910  19.483 -25.224
 -58.379  19.103 -22.359
 continue
       48000
 -49.133  22.671 -59.029
 -51.298  21.785 -56.132
 -51.790  22.965 -52.616
 -51.281  21.968 -49.065
 -53.073  20.514 -46.045
 -54.834  21.331 -42.778
 -54.199  21.885 -39.105
 -54.745  20.506 -35.594
 -56.760  21.026 -32.477
 -56.627  21.864 -28.790
 -56.829  20.213 -25.408
 -59.341  19.188 -22.792
 continue
       48500
 -50.014  22.881 -59.783
 -52.065  22.020 -56.680
 -52.953  23.129 -53.149
 -52.357  22.381 -49.491
 -53.834  20.847 -46.393
 -55.455  21.524 -43.057
 -55.137  21.399 -39.343
 -56.311  19.939 -36.080
 -58.271  20.410 -32.867
 -57.706  21.064 -29.272
 -58.301  19.879 -25.764
 -59.356  21.106 -22.400
 continue
       49000
 -50.764  23.178 -60.025
 -52.929  22.159 -57.077
 -53.890  23.067 -53.489
 -53.577  21.794 -49.939
 -55.496  20.781 -46.818
 -56.238  21.899 -43.247
 -55.853  20.823 -39.632
 -57.616  19.575 -36.487
 -58.732  20.999 -33.157
 -57.993  21.366 -29.462
 -59.141  20.182 -26.065
 -61.101  20.943 -22.949
 continue
       49500
 -52.395  22.944 -60.420
 -54.060  22.862 -57.073
 -53.971  23.021 -53.326
 -54.237  21.143 -50.148
 -56.488  20.390 -47.258
 -57.393  21.786 -43.886
 -56.768  21.598 -40.204
 -58.253  20.500 -36.941
 -59.383  21.553 -33.565
 -58.751  21.207 -29.846
 -60.234  19.799 -26.619
 -62.171  20.606 -23.491
 continue
       50000
 -53.299  22.116 -60.771
 -55.346  22.768 -57.660
 -54.943  23.347 -53.934
 -55.127  21.770 -50.498
 -57.054  21.635 -47.259
 -56.962  22.483 -43.557
 -57.127  20.885 -40.185
 -59.558  20.143 -37.488
 -60.758  21.500 -34.173
 -60.089  21.421 -30.470
 -61.196  19.878 -27.160
 -62.539  20.436 -23.690
 continue
       50500
 -54.547  21.535 -61.225
 -56.231  22.471 -57.932
 -55.670  23.591 -54.352
 -55.641  22.304 -50.830
 -57.964  21.839 -47.824
 -58.380  22.887 -44.180
 -57.947  21.410 -40.722
 -60.003  20.473 -37.622
 -60.769  21.506 -34.057
 -60.505  20.384 -30.444
 -62.551  19.678 -27.403
 -63.839  21.307 -24.298
 continue
       51000
 -54.898  22.320 -61.498
 -57.025  22.278 -58.388
 -56.638  22.762 -54.664
 -57.198  21.244 -51.310
 -58.933  21.843 -48.073
 -58.491  22.853 -44.485
 -58.534  21.613 -40.973
 -60.513  21.111 -37.864
 -61.135  22.409 -34.351
 -61.341  21.280 -30.727
 -63.713  19.956 -28.094
 -64.969  20.527 -24.592
 continue
       51500
 -56.199  21.561 -61.831
 -57.355  22.631 -58.412
 -56.489  23.287 -54.859
 -57.220  21.721 -51.514
 -59.605  21.850 -48.589
 -59.577  22.523 -44.835
 -59.898  21.066 -41.340
 -61.948  21.058 -38.191
 -62.343  22.606 -34.795
 -61.862  21.807 -31.152
 -63.797  20.176 -28.336
 -65.686  21.026 -25.256
 continue
       52000
 -56.359  21.747 -62.081
 -58.028  22.316 -58.757
 -57.081  22.864 -55.098
 -57.835  21.538 -51.659
 -60.270  21.991 -48.765
 -60.654  23.228 -45.202
 -60.491  21.941 -41.694
 -62.571  20.721 -38.850
 -63.669  21.759 -35.438
 -63.250  21.341 -31.686
 -65.112  20.735 -28.509
 -65.253  21.817 -24.891
 continue
       52500
 -55.687  21.606 -61.901
 -58.291  22.101 -59.159
 -58.684  23.232 -55.599
 -59.057  21.988 -52.082
 -61.361  21.930 -49.114
 -61.429  22.475 -45.385
 -61.719  20.851 -42.004
 -63.599  21.597 -38.827
 -63.268  22.887 -35.240
 -63.339  21.533 -31.711
 -65.724  21.043 -28.810
 -66.658  22.021 -25.325
 continue
       53000
 -56.543  21.847 -62.055
 -58.638  22.362 -58.940
 -58.586  22.141 -55.199
 -60.103  20.833 -52.059
 -62.392  21.588 -49.209
 -62.263  22.982 -45.707
 -61.965  21.802 -42.164
 -64.026  21.364 -39.054
 -64.542  22.713 -35.578
 -64.265  21.772 -31.910
 -66.156  21.198 -28.701
 -66.839  22.675 -25.311
 continue
       53500
 -57.930  20.963 -62.352
 -59.129  22.288 -58.996
 -58.753  22.243 -55.201
 -60.163  20.842 -52.020
 -62.288  21.810 -49.044
 -62.317  22.584 -45.340
 -63.134  21.032 -41.994
 -65.456  21.184 -39.097
 -65.843  22.712 -35.716
 -64.858  22.577 -32.030
 -65.996  21.561 -28.550
 -67.503  22.876 -25.328
 continue
       54000
 -58.103  20.294 -62.297
 -59.913  21.502 -59.165
 -59.688  22.322 -55.516
 -60.416  20.794 -52.123
 -62.650  20.984 -49.083
 -62.519  22.122 -45.437
 -63.257  21.195 -41.803
 -65.640  21.750 -38.913
 -65.890  23.120 -35.413
 -65.761  22.376 -31.731
 -67.671  21.913 -28.482
 -68.049  23.101 -24.962
 continue
       54500
 -57.984  19.964 -61.942
 -60.433  20.427 -59.055
 -60.487  21.589 -55.403
 -61.390  20.507 -51.905
 -63.339  21.356 -48.793
 -63.297  22.747 -45.293
 -63.555  21.832 -41.679
 -65.594  21.638 -38.530
 -65.758  22.797 -34.956
 -66.268  21.635 -31.408
 -68.729  22.139 -28.658
 -69.425  24.071 -25.482
 continue
       55000
 -59.072  18.742 -61.418
 -60.909  20.404 -58.592
 -60.417  21.428 -55.023
 -61.202  20.453 -51.512
 -63.470  21.209 -48.580
 -63.479  22.292 -44.994
 -64.084  21.189 -41.406
 -66.489  21.549 -38.476
 -67.290  23.392 -35.248
 -66.855  23.255 -31.501
 -68.751  22.319 -28.396
 -70.606  23.943 -25.585
 continue
       55500
 -59.856  18.418 -61.000
 -61.186  20.158 -57.977
 -60.348  20.604 -54.382
 -61.342  19.466 -50.886
 -63.698  20.238 -48.067
 -64.449  22.344 -44.990
 -64.299  22.265 -41.239
 -66.505  21.759 -38.225
 -68.230  23.643 -35.413
 -68.093  23.893 -31.618
 -69.644  22.912 -28.263
 -70.805  24.465 -24.999
 continue
       56000
 -59.113  17.939 -60.606
 -61.408  18.702 -57.737
 -61.871  20.371 -54.362
 -61.969  19.892 -50.628
 -64.356  20.256 -47.681
 -64.872  21.923 -44.376
 -65.194  21.247 -40.684
 -67.374  21.870 -37.699
 -68.102  24.037 -34.742
 -67.845  24.239 -30.983
 -69.861  23.553 -27.899
 -72.274  25.335 -25.633
 continue
       56500
 -59.045  17.478 -59.923
 -61.535  17.802 -57.092
 -62.059  19.880 -54.007
 -62.428  19.419 -50.265
 -64.884  19.808 -47.406
 -65.582  21.994 -44.395
 -65.308  22.208 -40.636
 -67.248  21.626 -37.435
 -68.800  23.462 -34.521
 -69.001  23.896 -30.810
 -71.064  24.221 -27.707
 -72.152  26.446 -24.892
 continue
       57000
 -59.423  16.146 -59.240
 -61.716  17.529 -56.535
 -62.086  19.820 -53.521
 -62.324  19.551 -49.704
 -64.759  19.386 -46.827
 -66.065  21.354 -43.865
 -66.161  21.583 -40.126
 -68.537  21.762 -37.197
 -69.930  24.085 -34.522
 -69.452  25.245 -30.948
 -70.991  24.588 -27.567
 -72.788  26.072 -24.570
 continue
       57500
 -59.379  16.099 -58.799
 -61.605  16.734 -55.867
 -62.184  18.563 -52.646
 -63.004  18.617 -49.036
 -65.563  19.409 -46.347
 -66.567  21.797 -43.707
 -66.461  22.249 -39.934
 -68.500  21.893 -36.779
 -70.386  23.950 -34.303
 -70.487  25.646 -30.944
 -71.374  25.168 -27.312
 -73.655  26.091 -24.465
 continue
       58000
 -59.121  14.714 -57.352
 -61.810  15.970 -55.040
 -63.016  18.574 -52.607
 -63.252  19.213 -48.849
 -65.480  18.912 -45.905
 -67.350  21.008 -43.361
 -67.072  22.365 -39.889
 -68.769  22.308 -36.545
 -70.562  24.456 -34.001
 -70.488  25.345 -30.302
 -72.420  25.170 -27.016
 -74.932  26.917 -24.696
 continue
       58500
 -59.162  14.861 -56.999
 -61.668  14.992 -54.177
 -63.218  17.395 -51.745
 -63.238  18.698 -48.210
 -65.547  19.128 -45.235
 -66.852  21.754 -42.894
 -67.110  22.368 -39.144
 -69.408  22.057 -36.121
 -71.749  24.001 -33.894
 -71.890  25.817 -30.619
 -73.246  25.537 -27.116
 -75.329  27.313 -24.526
 continue
       59000
 -59.440  14.158 -56.027
 -62.080  15.301 -53.573
 -62.679  18.085 -51.039
 -63.039  18.452 -47.305
 -65.343  18.443 -44.328
 -67.724  20.531 -42.330
 -68.053  22.637 -39.206
 -69.319  22.774 -35.656
 -71.877  24.303 -33.392
 -72.288  26.528 -30.452
 -73.720  26.375 -27.048
 -76.939  26.974 -25.160
 continue
       59500
 -58.974  14.447 -55.581
 -61.636  14.817 -52.918
 -63.061  17.290 -50.511
 -63.132  18.182 -46.810
 -65.533  18.714 -44.025
 -67.385  21.232 -41.898
 -67.818  22.742 -38.470
 -69.881  22.661 -35.280
 -72.630  24.209 -33.238
 -73.618  26.626 -30.545
 -74.840  26.811 -26.988
 -77.715  27.943 -24.819
 continue
       60000
 -58.456  14.196 -54.934
 -60.913  14.670 -52.138
 -62.929  17.116 -50.077
 -63.344  18.955 -46.840
 -65.434  19.011 -43.648
 -67.959  20.821 -41.517
 -68.533  22.416 -38.061
 -70.723  22.340 -34.965
 -73.204  24.596 -33.207
 -73.854  26.775 -30.181
 -75.613  27.051 -26.790
 -78.445  28.849 -24.968
 continue
       60500
 -57.765  14.764 -54.111
 -60.570  15.169 -51.623
 -62.504  17.471 -49.326
 -63.398  18.423 -45.785
 -66.053  18.401 -43.175
 -68.527  20.559 -41.327
 -69.000  22.840 -38.388
 -70.646  23.261 -35.003
 -73.611  24.743 -33.190
 -74.425  27.040 -30.272
 -75.988  27.405 -26.842
 -79.288  28.307 -25.122
 continue
       61000
 -57.170  15.064 -52.756
 -60.465  15.107 -50.881
 -62.443  17.523 -48.847
 -63.215  18.718 -45.358
 -65.903  18.933 -42.751
 -68.154  21.360 -41.020
 -68.796  22.958 -37.652
 -71.425  23.037 -34.910
 -74.498  24.609 -33.381
 -75.705  26.993 -30.801
 -76.616  27.298 -27.195
 -79.256  27.989 -24.687
 continue
       61500
 -57.066  14.463 -51.960
 -59.785  15.141 -49.444
 -62.061  18.045 -48.344
 -63.022  19.800 -45.111
 -65.544  19.732 -42.253
 -68.762  21.103 -40.891
 -70.096  23.406 -38.224
 -71.654  23.269 -34.829
 -74.705  24.276 -32.887
 -75.675  26.754 -30.208
 -77.328  26.917 -26.866
 -80.480  28.252 -25.258
 continue
       62000
 -56.309  15.550 -50.985
 -59.372  15.535 -48.869
 -62.348  17.390 -47.806
 -63.596  19.537 -44.970
 -66.120  19.513 -42.184
 -68.751  21.701 -40.538
 -69.631  23.684 -37.459
 -71.777  23.441 -34.358
 -74.919  24.921 -32.945
 -76.506  27.251 -30.431
 -78.096  27.081 -27.006
 -81.370  27.013 -25.162
 continue
       62500
 -56.189  15.814 -50.911
 -59.367  16.126 -48.947
 -61.858  18.320 -47.167
 -62.989  19.481 -43.767
 -65.936  19.421 -41.385
 -68.885  21.417 -40.264
 -70.168  23.737 -37.632
 -72.116  23.874 -34.452
 -75.534  24.936 -33.126
 -77.103  26.886 -30.261
 -78.921  26.703 -26.922
 -82.230  27.180 -25.108
 continue
       63000
 -56.138  15.786 -50.578
 -59.251  16.554 -48.600
 -61.276  19.231 -46.831
 -62.756  20.484 -43.563
 -65.660  20.084 -41.140
 -68.854  21.634 -39.981
 -70.227  23.110 -36.826
 -73.073  22.774 -34.309
 -76.292  24.347 -33.051
 -77.811  26.648 -30.445
 -79.631  26.884 -27.214
 -82.918  27.696 -25.599
 continue
       63500
 -55.583  17.103 -49.888
 -59.097  17.219 -48.510
 -61.428  19.521 -46.645
 -63.233  19.929 -43.266
 -66.601  19.931 -41.602
 -69.018  22.097 -39.673
 -70.136  23.167 -36.235
 -73.139  22.849 -33.956
 -76.424  24.348 -32.795
 -78.102  26.501 -30.226
 -80.803  26.422 -27.623
 -84.159  27.771 -26.713
 continue
       64000
 -55.749  17.632 -49.684
 -59.260  17.941 -48.443
 -61.219  20.088 -45.989
 -62.903  19.764 -42.607
 -66.437  19.694 -41.172
 -69.012  21.888 -39.529
 -70.810  23.071 -36.420
 -73.993  23.176 -34.488
 -76.605  25.410 -33.059
 -78.455  26.124 -29.869
 -81.744  25.514 -28.094
 -84.985  27.292 -27.196
 continue
       64500
 -55.709  17.368 -49.443
 -59.022  18.504 -48.115
 -60.830  20.345 -45.429
 -63.168  20.113 -42.489
 -66.655  21.025 -41.388
 -68.585  23.037 -38.830
 -71.084  22.507 -36.054
 -74.786  22.497 -35.118
 -77.412  24.602 -33.520
 -79.165  25.304 -30.296
 -82.497  25.144 -28.587
 -85.099  27.563 -27.282
 continue
       65000
 -55.744  17.108 -48.578
 -58.528  19.534 -47.707
 -60.470  20.876 -44.718
 -63.578  20.129 -42.665
 -67.020  21.257 -41.716
 -69.097  23.049 -39.209
 -71.313  22.299 -36.300
 -74.965  22.662 -35.327
 -77.230  24.846 -33.072
 -79.632  24.546 -30.153
 -83.330  24.888 -29.239
 -86.075  27.188 -27.900
 continue
       65500
 -54.988  18.429 -48.266
 -58.403  19.530 -47.172
 -60.628  20.407 -44.254
 -63.758  19.728 -42.359
 -67.117  21.092 -41.392
 -69.044  22.592 -38.617
 -72.067  22.227 -36.418
 -75.531  23.732 -35.876
 -77.762  25.362 -33.328
 -80.319  24.701 -30.692
 -83.977  24.535 -29.969
 -86.754  25.806 -27.808
 continue
       66000
 -55.229  18.260 -47.991
 -58.033  20.176 -46.442
 -60.039  20.953 -43.312
 -63.611  20.338 -42.018
 -66.924  22.089 -41.509
 -69.376  23.176 -38.778
 -72.542  22.360 -36.928
 -76.158  23.014 -36.120
 -78.439  24.486 -33.532
 -81.051  23.698 -30.890
 -84.757  24.290 -30.230
 -87.200  26.333 -28.175
 continue
       66500
 -54.766  18.730 -46.883
 -57.755  20.841 -46.131
 -60.280  21.337 -43.385
 -63.973  21.052 -42.593
 -67.128  22.825 -41.324
 -69.443  23.012 -38.326
 -72.668  21.791 -36.751
 -76.284  22.600 -36.077
 -78.669  24.028 -33.531
 -81.716  23.474 -31.462
 -85.395  24.276 -30.960
 -87.839  25.841 -28.588
 continue
       67000
 -54.654  20.264 -47.260
 -57.726  21.810 -45.600
 -60.261  21.305 -42.749
 -63.704  20.271 -41.622
 -67.082  21.828 -40.975
 -69.755  22.705 -38.470
 -73.228  21.980 -37.303
 -76.343  23.866 -36.125
 -78.967  24.296 -33.452
 -82.222  23.011 -32.084
 -85.865  23.656 -31.742
 -88.519  24.695 -29.265
 continue
       67500
 -54.949  21.041 -47.197
 -57.443  22.345 -44.603
 -60.406  21.133 -42.559
 -64.129  21.175 -42.244
 -67.068  22.619 -40.513
 -69.632  22.488 -37.746
 -73.191  21.533 -36.907
 -76.709  22.947 -36.692
 -79.410  23.737 -34.153
 -82.692  22.498 -32.829
 -86.359  23.337 -32.174
 -88.976  24.491 -29.708
 continue
       68000
 -54.970  21.207 -46.708
 -57.460  22.539 -44.253
 -60.566  21.861 -42.221
 -64.252  22.261 -42.214
 -67.247  23.358 -40.265
 -69.821  21.774 -37.984
 -73.618  21.253 -37.773
 -76.872  22.687 -36.450
 -79.572  22.631 -33.848
 -83.198  21.756 -33.199
 -86.715  23.346 -33.105
 -89.084  24.749 -30.497
 continue
       68500
 -54.568  22.106 -45.976
 -57.590  23.038 -43.980
 -60.542  21.536 -42.190
 -64.313  21.343 -42.199
 -67.371  22.482 -40.348
 -70.239  21.693 -37.960
 -73.942  21.902 -37.763
 -76.993  23.369 -36.157
 -80.044  22.595 -34.181
 -83.805  22.062 -34.433
 -87.120  23.590 -33.321
 -89.904  23.282 -30.724
 continue
       69000
 -54.925  22.643 -45.787
 -57.412  22.695 -42.927
 -60.605  21.075 -41.762
 -64.344  21.370 -41.765
 -67.297  22.676 -39.711
 -70.602  21.773 -38.095
 -74.347  21.819 -38.481
 -77.369  23.484 -36.944
 -80.456  22.556 -34.870
 -84.172  22.339 -34.651
 -87.281  23.519 -32.926
 -90.433  22.380 -31.381
 continue
       69500
 -54.437  22.136 -44.421
 -57.608  22.113 -42.307
 -61.388  21.382 -42.200
 -64.728  23.026 -41.529
 -67.618  22.927 -39.081
 -71.160  21.665 -38.851
 -74.759  22.524 -38.734
 -77.664  22.989 -36.374
 -80.807  21.295 -35.026
 -84.636  21.614 -35.254
 -87.604  23.282 -33.679
 -90.455  22.758 -31.326
 continue
       70000
 -54.493  22.307 -42.793
 -58.009  21.649 -41.735
 -61.639  21.596 -42.543
 -64.894  23.181 -41.555
 -67.900  22.771 -39.323
 -71.400  21.329 -39.021
 -74.861  22.589 -38.294
 -77.766  22.697 -35.936
 -81.296  21.532 -35.630
 -84.966  22.469 -35.573
 -87.972  23.130 -33.366
 -91.098  21.780 -31.908
 continue
       70500
 -54.718  23.139 -42.679
 -57.884  21.591 -41.383
 -61.645  21.359 -41.798
 -64.931  22.483 -40.351
 -68.293  21.611 -38.818
 -71.989  21.831 -39.626
 -75.180  23.562 -38.603
 -78.058  22.832 -36.433
 -81.727  21.966 -36.373
 -85.126  23.137 -35.141
 -88.081  22.298 -32.805
 -91.670  21.077 -32.943
 continue
       71000
 -54.757  23.079 -41.990
 -58.168  21.463 -41.366
 -61.838  22.182 -41.703
 -64.903  23.140 -39.872
 -68.276  21.811 -38.964
 -72.033  22.170 -39.469
 -75.254  23.093 -37.786
 -78.610  21.630 -36.673
 -82.322  22.098 -37.001
 -85.469  23.363 -35.292
 -88.366  22.090 -33.268
 -92.049  21.155 -33.292
 continue
       71500
 -54.982  22.154 -41.273
 -58.759  21.724 -41.847
 -62.095  23.544 -41.591
 -65.243  23.234 -39.606
 -68.661  21.755 -39.282
 -72.366  22.328 -39.551
 -75.576  22.918 -37.642
 -78.647  21.408 -36.072
 -82.387  21.242 -36.608
 -85.546  22.782 -35.413
 -88.831  22.273 -33.679
 -92.494  21.881 -34.419
 continue
       72000
 -55.218  22.823 -41.543
 -58.832  21.896 -42.207
 -62.396  22.948 -41.350
 -65.327  22.323 -39.058
 -68.943  21.328 -39.210
 -72.418  22.833 -39.009
 -75.476  22.854 -36.722
 -78.992  21.650 -36.145
 -82.661  21.937 -36.841
 -86.011  23.079 -35.494
 -89.264  21.603 -34.240
 -92.970  21.670 -34.824
 continue
       72500
 -55.490  22.814 -42.234
 -59.062  21.805 -41.971
 -62.401  23.103 -40.993
 -65.296  22.546 -38.693
 -68.918  21.450 -38.499
 -72.600  22.532 -38.513
 -75.886  22.297 -36.643
 -79.531  21.492 -37.110
 -82.915  23.048 -36.871
 -86.071  22.818 -34.702
 -89.500  21.166 -34.468
 -93.176  21.646 -35.266
 continue
       73000
 -55.488  22.214 -41.451
 -59.259  22.490 -41.999
 -62.495  23.588 -40.387
 -65.706  22.626 -38.719
 -69.336  22.008 -39.593
 -72.801  23.120 -38.535
 -75.834  22.683 -36.339
 -79.273  21.207 -36.301
 -83.025  21.943 -36.669
 -86.245  22.108 -34.710
 -89.830  20.849 -34.675
 -93.280  22.288 -35.143
 continue
       73500
 -55.821  21.991 -40.563
 -59.297  23.174 -41.635
 -62.585  23.900 -39.943
 -65.855  22.248 -39.185
 -69.585  22.616 -39.643
 -72.901  23.285 -37.927
 -75.989  21.789 -36.408
 -79.677  21.046 -36.858
 -83.083  22.626 -36.580
 -86.322  22.124 -34.663
 -89.829  20.984 -34.742
 -93.468  21.771 -34.639
 continue
       74000
 -55.672  22.948 -40.993
 -59.458  23.167 -40.994
 -62.628  23.512 -38.946
 -66.065  22.076 -38.290
 -69.710  22.146 -39.327
 -73.113  23.257 -38.120
 -76.519  21.955 -37.190
 -80.138  22.364 -37.845
 -83.399  22.813 -36.003
 -86.498  21.031 -34.622
 -90.185  20.428 -35.136
 -93.457  21.550 -33.737
 continue
       74500
 -55.880  23.036 -40.181
 -59.507  23.993 -40.311
 -62.953  23.700 -38.947
 -66.408  22.218 -39.478
 -70.064  23.200 -39.473
 -73.288  23.104 -37.422
 -76.569  21.210 -37.047
 -80.223  21.624 -37.638
 -83.540  22.190 -35.946
 -86.765  20.470 -34.843
 -90.561  20.767 -35.182
 -93.850  20.848 -33.409
 continue
       75000
 -56.595  23.462 -40.540
 -60.035  24.791 -39.573
 -63.275  23.404 -38.272
 -66.750  22.695 -39.405
 -70.413  23.594 -39.113
 -73.552  22.413 -37.403
 -76.943  20.903 -37.622
 -80.606  21.661 -37.298
 -83.554  21.160 -35.024
 -86.971  19.449 -34.839
 -90.611  20.062 -35.349
 -93.843  21.363 -33.905
 continue
       75500
 -56.905  24.826 -41.082
 -60.498  25.167 -39.773
 -63.405  23.125 -38.482
 -66.947  22.072 -39.105
 -70.491  22.975 -38.116
 -73.564  21.708 -36.317
 -77.190  20.739 -36.961
 -80.828  21.806 -36.903
 -84.282  21.486 -35.210
 -87.577  19.793 -35.793
 -91.220  20.501 -35.611
 -93.963  19.501 -33.272
 continue
       76000
 -57.794  24.867 -41.977
 -60.490  25.083 -39.356
 -63.482  23.220 -38.173
 -67.170  22.922 -38.935
 -70.651  23.161 -37.536
 -73.901  21.582 -36.350
 -77.557  21.256 -37.351
 -81.111  21.928 -36.328
 -84.163  20.234 -34.966
 -87.829  19.444 -35.683
 -91.478  20.399 -35.064
 -94.789  19.225 -33.678
 continue
       76500
 -57.497  25.277 -40.960
 -60.761  24.297 -39.424
 -64.407  23.228 -39.649
 -68.071  24.029 -39.384
 -71.070  23.902 -37.128
 -74.089  21.692 -36.542
 -77.857  21.342 -37.019
 -81.235  21.688 -35.465
 -84.311  19.882 -34.446
 -87.934  19.085 -35.365
 -91.544  20.162 -35.270
 -94.795  19.116 -33.621
 continue
       77000
 -57.745  25.620 -40.523
 -61.055  24.489 -38.944
 -64.533  23.330 -39.767
 -68.193  24.149 -39.455
 -71.230  23.579 -37.249
 -74.492  21.693 -36.812
 -78.250  22.177 -36.979
 -81.562  22.108 -35.123
 -84.762  20.094 -34.508
 -88.367  19.799 -35.591
 -91.938  19.959 -34.392
 -95.034  18.393 -32.941
 continue
       77500
 -58.601  26.320 -41.080
 -61.153  24.855 -38.642
 -64.592  23.319 -38.783
 -68.299  23.986 -38.419
 -71.726  23.318 -36.883
 -75.166  21.973 -37.670
 -78.805  22.741 -37.964
 -81.960  22.425 -35.898
 -85.229  20.434 -35.528
 -89.009  20.435 -35.301
 -91.762  19.788 -32.907
 -94.904  17.854 -32.478
 continue
       78000
 -58.559  26.294 -39.600
 -61.910  24.942 -38.667
 -65.393  24.174 -39.862
 -68.990  25.074 -39.144
 -71.938  23.382 -37.402
 -75.509  22.102 -37.732
 -79.204  22.650 -37.187
 -82.238  21.444 -35.388
 -85.740  20.079 -35.711
 -89.410  21.062 -35.146
 -92.228  20.291 -32.817
 -94.801  17.698 -32.081
 continue
       78500
 -59.263  26.609 -39.089
 -62.417  24.636 -39.231
 -65.997  25.046 -40.167
 -69.462  25.262 -38.608
 -72.529  23.143 -37.831
 -76.187  22.652 -38.699
 -79.524  23.144 -36.995
 -82.099  21.761 -34.721
 -85.282  19.837 -34.912
 -89.103  20.047 -34.794
 -92.192  19.485 -32.593
 -95.887  18.923 -32.525
 continue
       79000
 -59.417  26.974 -39.644
 -62.759  25.205 -39.963
 -66.520  25.457 -40.165
 -69.678  24.955 -38.218
 -72.607  22.787 -37.294
 -76.366  22.590 -37.800
 -79.582  23.115 -35.895
 -82.670  21.090 -35.128
 -86.419  20.698 -35.806
 -89.764  21.415 -34.187
 -92.237  19.466 -32.136
 -95.547  17.677 -32.529
 continue
       79500
 -60.155  27.434 -41.022
 -63.267  25.293 -40.155
 -66.963  25.690 -39.347
 -69.681  24.526 -37.106
 -73.072  22.991 -37.435
 -76.716  23.584 -37.535
 -79.815  22.838 -35.660
 -83.004  20.801 -35.788
 -86.758  21.098 -35.755
 -89.815  21.184 -33.579
 -92.458  19.030 -32.061
 -95.856  17.465 -32.409
 continue
       80000
 -60.295  26.194 -39.989
 -63.947  26.467 -40.899
 -67.537  26.911 -39.739
 -70.357  25.183 -37.945
 -73.514  23.215 -38.273
 -77.202  23.754 -37.516
 -80.081  22.986 -35.195
 -83.023  20.756 -34.703
 -86.745  20.838 -34.891
 -89.817  20.249 -32.836
 -93.066  18.343 -32.496
 -96.798  18.632 -32.898
 continue
       80500
 -60.636  26.917 -40.405
 -64.139  25.769 -40.878
 -67.740  26.520 -40.156
 -70.618  25.463 -37.987
 -74.220  24.303 -38.147
 -77.603  24.647 -36.388
 -80.159  22.367 -34.735
 -83.492  20.709 -35.193
 -87.116  21.253 -34.492
 -90.056  19.980 -32.419
 -93.552  18.291 -32.666
 -97.297  18.821 -32.619
 continue
       81000
 -61.303  27.217 -41.783
 -64.974  26.586 -41.190
 -67.745  26.753 -38.646
 -70.373  24.583 -37.241
 -73.966  23.654 -37.682
 -77.568  24.400 -36.757
 -80.557  22.913 -35.049
 -84.158  21.891 -35.510
 -87.575  22.033 -33.918
 -90.497  20.170 -32.390
 -93.814  18.511 -33.090
 -97.345  18.335 -31.800
 continue
       81500
 -61.538  26.978 -42.085
 -65.042  27.688 -40.590
 -67.899  26.353 -38.433
 -71.177  24.584 -38.621
 -74.867  24.950 -38.122
 -77.858  24.284 -35.884
 -80.621  21.914 -34.896
 -84.345  21.135 -35.325
 -87.885  22.131 -34.226
 -90.715  20.983 -32.075
 -93.782  18.835 -32.348
 -97.509  19.063 -32.281
 continue
       82000
 -61.919  27.184 -41.942
 -65.504  27.671 -40.870
 -68.141  26.000 -38.710
 -71.622  24.652 -38.933
 -75.244  25.413 -38.201
 -78.009  24.480 -35.731
 -80.912  22.118 -35.041
 -84.661  21.643 -35.213
 -87.913  21.742 -33.365
 -90.861  19.602 -32.400
 -94.639  19.123 -32.635
 -97.957  20.323 -31.300
 continue
       82500
 -62.226  27.047 -42.240
 -65.708  27.819 -41.211
 -68.475  26.627 -38.929
 -71.621  24.574 -38.552
 -75.352  24.734 -37.897
 -78.144  23.213 -35.752
 -81.719  21.983 -35.860
 -85.092  22.701 -34.482
 -88.055  21.311 -32.778
 -91.469  19.792 -33.235
 -95.166  20.407 -32.642
 -97.866  19.484 -30.222
 continue
       83000
 -63.189  27.713 -42.712
 -65.728  27.239 -39.958
 -68.853  25.194 -39.480
 -72.576  24.882 -39.670
 -75.643  24.905 -37.472
 -78.342  23.003 -35.639
 -81.898  21.899 -35.946
 -85.352  22.892 -34.816
 -88.182  21.279 -32.907
 -91.728  20.028 -33.226
 -95.205  20.632 -31.851
 -97.870  19.277 -29.614
 continue
       83500
 -63.101  27.783 -42.452
 -66.195  27.151 -40.300
 -69.255  24.940 -39.920
 -72.977  25.036 -39.773
 -75.849  24.852 -37.351
 -78.890  22.741 -36.700
 -82.593  22.680 -36.637
 -85.569  22.564 -34.259
 -88.192  20.485 -32.301
 -91.882  19.671 -32.681
 -95.271  20.522 -31.309
 -97.933  19.246 -28.985
 continue
       84000
 -63.603  28.098 -42.770
 -66.165  26.663 -40.453
 -69.485  24.891 -40.466
 -73.185  25.356 -39.928
 -75.995  24.681 -37.413
 -78.935  22.446 -36.558
 -82.691  22.747 -36.344
 -85.883  22.519 -34.343
 -88.756  20.259 -33.361
 -92.402  20.172 -32.340
 -94.866  19.806 -29.510
 -98.153  18.382 -28.452
 continue
       84500
 -63.639  27.957 -43.061
 -66.512  26.493 -41.201
 -70.096  25.271 -41.139
 -73.450  25.343 -39.236
 -76.119  23.160 -37.653
 -79.870  22.544 -37.523
 -82.991  23.117 -35.502
 -85.512  21.555 -33.305
 -89.042  20.425 -33.321
 -92.496  20.830 -31.775
 -94.778  19.441 -29.037
 -97.658  17.099 -28.438
 continue
       85000
 -64.138  27.691 -42.850
 -67.347  25.744 -42.689
 -71.000  26.099 -41.833
 -73.578  25.495 -39.160
 -76.275  23.129 -37.991
 -80.013  22.721 -37.548
 -82.938  23.064 -35.118
 -85.266  20.954 -33.008
 -88.876  19.793 -32.897
 -92.067  20.439 -31.008
 -94.480  18.744 -28.701
 -98.038  17.589 -28.457
 continue
       85500
 -64.723  27.385 -43.840
 -68.016  25.467 -43.235
 -71.589  26.122 -42.305
 -73.514  25.165 -39.285
 -76.523  23.219 -38.195
 -80.113  23.449 -37.246
 -82.443  22.450 -34.506
 -85.309  20.100 -33.603
 -89.057  19.942 -32.887
 -91.698  20.020 -30.194
 -94.325  17.983 -28.490
 -98.094  17.684 -28.139
 continue
       86000
 -65.077  27.274 -45.116
 -68.502  25.858 -44.247
 -71.563  26.037 -42.053
 -73.604  24.246 -39.449
 -76.843  22.534 -38.707
 -80.222  23.190 -37.144
 -82.611  22.053 -34.453
 -85.889  20.329 -33.879
 -89.206  20.642 -32.193
 -91.194  19.124 -29.440
 -94.097  16.916 -28.647
 -97.732  17.562 -27.738
 continue
       86500
 -65.764  26.176 -45.858
 -69.384  26.705 -45.019
 -71.639  25.959 -42.114
 -73.920  23.439 -40.462
 -77.573  23.099 -39.691
 -80.090  23.178 -36.846
 -82.334  20.971 -34.586
 -85.822  19.744 -33.952
 -88.873  20.412 -31.930
 -91.057  18.794 -29.252
 -94.282  16.727 -28.769
 -97.655  16.689 -27.043
 continue
       87000
 -66.681  25.703 -47.346
 -69.829  26.565 -45.411
 -71.629  25.347 -42.283
 -74.742  23.470 -41.285
 -78.246  23.719 -40.000
 -80.315  22.827 -36.962
 -82.495  20.382 -35.009
 -86.096  19.536 -34.301
 -88.902  19.618 -31.846
 -90.944  17.418 -29.528
 -94.298  16.000 -28.666
 -97.276  16.670 -26.455
 continue
       87500
 -67.050  25.966 -48.415
 -70.422  26.146 -46.570
 -72.113  25.087 -43.366
 -74.903  23.025 -41.905
 -78.216  23.052 -40.053
 -80.532  22.271 -37.187
 -83.556  20.253 -36.202
 -86.869  20.251 -34.411
 -88.477  18.866 -31.289
 -90.960  16.509 -29.825
 -94.503  16.287 -28.765
 -96.830  15.523 -25.904
 continue
       88000
 -68.242  25.891 -49.570
 -70.582  26.016 -46.576
 -72.527  24.074 -44.031
 -76.120  23.032 -43.360
 -79.043  23.462 -40.932
 -80.506  21.853 -37.804
 -83.372  19.597 -36.733
 -86.614  19.700 -34.818
 -88.444  18.482 -31.681
 -91.245  16.328 -30.300
 -94.489  16.418 -28.353
 -96.289  14.819 -25.416
 continue
       88500
 -69.092  26.125 -50.434
 -71.316  25.924 -47.483
 -73.274  23.536 -45.391
 -76.656  22.794 -43.896
 -78.871  22.875 -40.831
 -80.807  20.547 -38.589
 -84.285  19.704 -37.403
 -86.709  19.999 -34.576
 -88.217  18.035 -31.772
 -91.142  15.695 -30.834
 -94.095  15.582 -28.525
 -95.386  15.348 -25.021
 continue
       89000
 -70.499  26.498 -51.515
 -71.484  25.353 -48.074
 -73.891  23.022 -46.377
 -77.349  22.647 -44.798
 -79.219  22.369 -41.534
 -80.941  19.973 -39.248
 -84.255  19.038 -37.721
 -86.285  19.291 -34.614
 -87.959  17.254 -31.911
 -91.441  16.454 -30.687
 -93.453  16.407 -27.523
 -95.238  14.121 -25.240
 continue
       89500
 -71.364  25.924 -52.639
 -72.216  25.088 -49.044
 -74.566  22.864 -47.130
 -77.806  22.733 -45.201
 -78.959  21.682 -41.773
 -81.606  19.641 -40.075
 -84.675  19.577 -37.960
 -85.683  18.668 -34.409
 -87.975  16.314 -32.397
 -91.235  16.292 -30.477
 -93.213  16.357 -27.339
 -94.681  14.025 -24.775
 continue
       90000
 -71.794  25.896 -53.257
 -73.029  23.906 -50.256
 -76.097  22.579 -48.498
 -78.434  23.022 -45.571
 -79.138  21.418 -42.170
 -81.368  19.132 -40.181
 -84.477  19.191 -38.097
 -85.861  18.825 -34.610
 -88.125  16.639 -32.564
 -91.326  16.180 -30.614
 -92.664  15.806 -27.120
 -94.294  13.662 -24.447
 continue
       90500
 -72.572  25.755 -53.849
 -74.018  23.387 -51.324
 -77.043  22.114 -49.469
 -78.762  22.155 -46.090
 -79.817  20.753 -42.769
 -82.745  19.258 -40.813
 -84.978  19.996 -37.768
 -85.754  18.504 -34.408
 -88.089  16.177 -32.594
 -91.056  16.056 -30.316
 -91.988  15.328 -26.688
 -94.493  13.271 -24.716
 continue
       91000
 -73.636  24.652 -54.629
 -75.011  22.738 -51.687
 -78.199  22.063 -49.775
 -79.360  22.386 -46.257
 -80.422  20.365 -43.366
 -83.381  19.135 -41.464
 -84.959  19.249 -38.035
 -86.078  17.285 -34.977
 -88.909  16.220 -32.784
 -90.887  16.603 -29.548
 -91.689  14.760 -26.283
 -94.247  12.696 -24.357
 continue
       91500
 -74.403  24.106 -55.253
 -76.211  21.959 -52.662
 -78.938  22.015 -50.001
 -79.678  21.701 -46.330
 -81.273  19.422 -43.773
 -84.418  19.323 -41.658
 -85.524  19.117 -38.037
 -86.211  16.844 -35.033
 -89.209  15.932 -32.882
 -90.449  16.334 -29.405
 -91.104  14.450 -26.241
 -93.852  12.901 -24.187
 continue
       92000
 -75.044  23.528 -55.199
 -77.869  21.451 -53.727
 -80.160  21.408 -50.681
 -80.272  20.873 -46.918
 -81.872  18.733 -44.215
 -84.663  18.949 -41.638
 -85.566  19.008 -38.003
 -86.548  16.743 -35.142
 -89.446  15.772 -32.934
 -90.084  16.169 -29.288
 -90.723  14.194 -26.127
 -93.541  12.968 -23.854
 continue
       92500
 -76.735  22.598 -56.633
 -78.123  20.691 -53.764
 -80.714  20.977 -51.119
 -81.346  21.091 -47.459
 -82.961  18.898 -44.878
 -85.448  18.439 -42.100
 -85.666  18.139 -38.349
 -86.855  15.917 -35.550
 -89.066  15.801 -32.585
 -89.726  16.029 -28.882
 -90.650  13.894 -25.843
 -93.604  12.772 -23.739
 continue
       93000
 -77.709  22.189 -57.332
 -79.619  20.285 -54.723
 -82.102  20.438 -51.818
 -82.082  19.923 -48.071
 -83.166  18.073 -45.020
 -85.654  17.792 -42.192
 -85.960  18.315 -38.401
 -86.721  16.069 -35.438
 -89.482  15.284 -32.953
 -90.206  15.346 -29.235
 -90.900  12.946 -26.346
 -92.724  12.413 -23.075
 continue
       93500
 -79.796  21.385 -58.415
 -81.225  19.727 -55.266
 -82.836  20.237 -51.845
 -82.785  19.593 -48.108
 -83.982  17.265 -45.438
 -86.287  17.363 -42.510
 -86.199  17.075 -38.794
 -87.170  14.916 -35.792
 -89.606  14.788 -32.893
 -89.961  15.187 -29.184
 -90.429  13.362 -25.942
 -92.710  11.215 -23.856
 continue
       94000
 -81.425  20.953 -58.840
 -83.098  19.175 -55.972
 -84.360  19.433 -52.443
 -83.454  18.532 -48.889
 -84.800  16.474 -45.928
 -86.748  17.039 -42.735
 -86.463  16.613 -39.029
 -87.188  14.542 -35.955
 -89.629  13.955 -33.148
 -89.753  14.089 -29.454
 -90.149  12.312 -26.212
 -92.426  11.661 -23.276
 continue
       94500
 -83.011  20.271 -59.313
 -84.545  18.236 -56.610
 -85.950  18.769 -53.169
 -84.816  18.259 -49.535
 -85.632  16.237 -46.384
 -87.282  16.218 -42.968
 -86.775  15.625 -39.326
 -87.668  13.500 -36.421
 -89.534  13.577 -33.155
 -89.240  13.636 -29.386
 -89.717  11.525 -26.282
 -92.081  11.408 -23.350
 continue
       95000
 -84.996  19.649 -60.148
 -86.140  17.818 -57.134
 -86.635  18.276 -53.459
 -85.747  16.919 -50.035
 -87.236  15.163 -47.067
 -88.416  15.393 -43.510
 -87.339  15.191 -39.856
 -88.052  13.010 -36.800
 -89.485  13.123 -33.290
 -88.780  13.321 -29.532
 -89.303  11.170 -26.496
 -91.534  10.940 -23.552
 continue
       95500
 -86.321  18.496 -60.685
 -88.175  17.606 -57.523
 -88.060  17.808 -53.759
 -87.162  15.909 -50.645
 -88.411  14.402 -47.472
 -88.592  15.000 -43.819
 -87.449  14.019 -40.373
 -88.664  12.439 -37.148
 -90.067  13.090 -33.625
 -88.965  12.857 -29.988
 -89.312  10.869 -26.803
 -90.268  10.703 -23.135
 continue
       96000
 -88.404  17.244 -61.506
 -89.488  16.442 -57.926
 -88.946  17.082 -54.290
 -88.085  15.722 -50.887
 -89.441  14.108 -47.725
 -89.608  14.875 -44.023
 -88.576  13.201 -40.822
 -89.582  11.774 -37.466
 -89.558  12.568 -33.782
 -88.161  11.503 -30.476
 -89.063  10.372 -27.003
 -89.911  11.126 -23.342
 continue
       96500
 -90.025  16.142 -61.994
 -91.020  15.725 -58.367
 -90.228  16.175 -54.696
 -89.485  14.344 -51.457
 -90.792  13.771 -47.925
 -89.776  14.395 -44.306
 -88.530  12.678 -41.139
 -89.697  11.668 -37.757
 -89.622  12.409 -34.129
 -88.299  11.389 -30.790
 -89.238   9.925 -27.477
 -89.240  10.738 -23.773
 continue
       97000
 -91.946  14.323 -62.005
 -92.703  15.238 -58.407
 -90.913  15.463 -55.069
 -90.601  13.103 -52.122
 -91.504  13.101 -48.490
 -90.451  13.818 -44.928
 -89.118  12.377 -41.588
 -90.196  11.779 -38.012
 -89.321  12.820 -34.525
 -88.124  11.425 -31.217
 -89.052   9.661 -28.009
 -89.152  10.166 -24.301
 continue
       97500
 -93.792  13.270 -62.655
 -94.210  13.645 -58.878
 -92.248  13.900 -55.677
 -91.610  12.550 -52.254
 -92.054  13.297 -48.662
 -90.460  13.721 -45.301
 -89.622  11.993 -42.026
 -90.755  11.635 -38.425
 -89.603  11.955 -34.856
 -88.223  10.243 -31.804
 -89.091   9.401 -28.283
 -88.301  10.826 -24.882
 continue
       98000
 -95.444  11.173 -62.460
 -95.457  13.217 -59.264
 -93.336  13.552 -56.214
 -92.971  12.271 -52.739
 -93.312  12.664 -48.991
 -91.285  12.826 -45.788
 -90.448  10.853 -42.636
 -90.787  10.970 -38.867
 -89.090  11.548 -35.538
 -88.368   9.610 -32.404
 -89.059   9.917 -28.713
 -87.652  10.420 -25.185
 continue
       98500
 -97.148  11.466 -62.973
 -96.344  12.481 -59.427
 -94.241  11.497 -56.520
 -94.157  10.396 -52.926
 -94.082  11.608 -49.341
 -91.663  11.787 -46.428
 -91.272  10.454 -42.898
 -91.428  11.090 -39.196
 -89.390  11.601 -36.085
 -88.091   9.816 -33.021
 -88.601   9.563 -29.250
 -87.023  10.013 -25.808
 continue
       99000
 -98.814  11.085 -63.199
 -97.548  11.481 -59.697
 -95.243  10.628 -56.825
 -95.215   9.585 -53.176
 -94.833  10.892 -49.687
 -92.531  10.833 -46.707
 -92.138   9.654 -43.114
 -91.941  10.745 -39.506
 -89.348  11.087 -36.785
 -87.964   9.585 -33.577
 -88.116   9.298 -29.848
 -86.520  10.729 -26.770
 continue
       99500
-100.038   9.216 -63.069
 -99.095  10.885 -59.810
 -96.782  10.898 -56.824
 -96.470   9.268 -53.413
 -95.642  10.204 -49.835
 -93.198  10.293 -47.021
 -92.068   8.626 -43.842
 -92.008   9.177 -40.095
 -89.561   9.949 -37.317
 -88.509   9.210 -33.768
 -88.014  10.497 -30.284
 -85.486  10.873 -27.557
 continue
      100000
-101.582   8.603 -63.050
-100.854   9.694 -59.545
 -98.069   9.603 -57.031
 -97.075   8.294 -53.607
 -96.258   9.233 -50.021
 -93.442   9.285 -47.492
 -93.025   8.425 -43.887
 -91.942   9.696 -40.506
 -89.279   9.783 -37.781
 -88.169   8.498 -34.427
 -87.543   9.422 -30.849
 -85.053  11.362 -28.752
 end
      100000
-101.582   8.603 -63.050
-100.854   9.694 -59.545
 -98.069   9.603 -57.031
 -97.075   8.294 -53.607
 -96.258   9.233 -50.021
 -93.442   9.285 -47.492
 -93.025   8.425 -43.887
 -91.942   9.696 -40.506
 -89.279   9.783 -37.781
 -88.169   8.498 -34.427
 -87.543   9.422 -30.849
 -85.053  11.362 -28.752
