           1
          12
    1 CA ALA
    2 CA ALA
    3 CA ALA
    4 CA ALA
    5 CA LEU
    6 CA ILE
    7 CA PHE
    8 CA ALA
    9 CA THR
   10 CA ILE
   11 CA ALA
   12 CA ALA
          12
         500
   0.127  -0.194  -0.179
   3.854   0.417   0.072
   6.768   0.428   2.492
   8.931   2.556   4.807
  12.357   3.931   5.242
  15.555   3.845   7.266
  17.568   5.388  10.073
  20.754   7.386  10.555
  24.256   7.096  12.007
  26.515   8.487  14.691
  29.530  10.747  15.166
  33.163  10.796  16.112
 continue
        1000
   0.586  -0.822  -0.128
   3.964   0.717   0.411
   7.048   0.527   2.583
   9.135   2.402   4.991
  12.534   4.035   5.386
  15.767   3.816   7.234
  17.869   5.415   9.906
  20.849   7.683  10.504
  24.380   7.743  11.699
  26.787   8.535  14.497
  29.317  10.946  15.891
  33.025  11.526  16.102
 continue
        1500
   0.856  -0.861   0.281
   4.404   0.423   0.449
   7.575   0.246   2.525
   9.427   2.190   5.201
  12.386   4.483   5.658
  16.093   4.400   6.732
  18.344   5.386   9.550
  20.976   7.790  10.723
  24.650   8.171  11.580
  26.748   8.820  14.608
  29.146  11.336  16.143
  32.821  12.027  16.782
 continue
        2000
   1.326  -1.819   0.705
   4.325   0.461   0.803
   7.835   0.687   2.194
  10.011   2.094   4.887
  12.853   4.443   5.762
  16.405   4.412   7.078
  18.522   5.700   9.910
  21.101   8.306  10.893
  24.749   8.720  11.653
  27.042   9.059  14.594
  29.160  11.667  16.386
  32.654  12.638  17.213
 continue
        2500
   1.747  -1.936   0.625
   4.794   0.157   1.193
   8.298   0.221   2.778
  10.264   1.906   5.422
  12.916   4.463   5.995
  16.521   5.004   6.919
  18.814   5.707   9.775
  21.038   8.377  11.249
  24.575   9.160  12.271
  27.066   9.629  15.098
  29.395  12.125  16.749
  32.951  13.305  17.110
 continue
        3000
   2.313  -2.366   0.412
   5.220  -0.047   1.167
   8.644   0.316   2.749
  10.409   1.924   5.675
  13.057   4.478   6.508
  16.658   4.961   7.784
  18.750   6.019  10.733
  21.134   8.821  11.718
  24.821   9.484  12.346
  27.469   9.903  14.952
  29.450  12.458  17.011
  32.776  14.021  17.524
 continue
        3500
   2.835  -2.480   0.467
   5.690  -0.129   1.100
   9.056   0.325   2.861
  10.822   1.737   5.802
  13.146   4.510   6.990
  16.750   5.271   7.988
  19.021   6.038  10.833
  21.198   8.670  12.438
  24.757   9.714  12.963
  27.506  10.379  15.463
  29.369  13.173  17.232
  32.850  14.551  17.580
 continue
        4000
   3.337  -2.522   0.485
   5.877   0.015   1.492
   9.341   0.264   2.996
  11.195   1.619   5.931
  13.666   4.297   6.937
  17.230   4.901   8.194
  19.126   6.170  11.136
  21.211   8.915  12.680
  24.733  10.202  13.214
  27.270  10.744  15.950
  29.315  13.405  17.773
  32.634  15.113  17.786
 continue
        4500
   3.685  -2.527   0.878
   6.565  -0.157   1.295
   9.805   0.127   3.247
  11.443   1.672   6.237
  13.674   4.528   7.294
  17.256   5.123   8.438
  19.368   6.170  11.348
  21.439   9.057  12.674
  24.978  10.269  13.338
  27.360  10.915  16.169
  29.039  13.740  18.113
  32.240  15.468  18.578
 continue
        5000
   3.760  -2.537   1.144
   6.729  -0.262   1.526
   9.951   0.209   3.597
  11.492   2.037   6.446
  14.154   4.573   7.274
  17.670   5.131   8.592
  19.643   6.276  11.479
  21.491   9.289  12.714
  24.962  10.427  13.526
  27.161  11.237  16.497
  28.766  14.110  18.339
  32.040  15.727  19.119
 continue
        5500
   3.756  -2.546   1.707
   6.801  -0.348   2.134
  10.168   0.062   3.735
  11.878   1.891   6.467
  14.422   4.607   7.091
  17.891   5.232   8.610
  19.533   6.806  11.591
  21.660   9.809  12.523
  25.058  10.629  13.983
  26.958  11.671  17.032
  28.773  14.566  18.737
  32.106  16.124  19.162
 continue
        6000
   3.780  -2.710   2.053
   6.866  -0.545   2.313
  10.184  -0.015   4.161
  11.814   2.221   6.655
  14.461   4.853   7.173
  17.932   5.379   8.684
  19.704   6.909  11.584
  21.783   9.844  12.653
  25.179  10.956  13.902
  27.138  12.177  16.928
  28.928  15.256  18.376
  32.207  16.470  19.736
 continue
        6500
   3.813  -2.637   2.152
   7.047  -0.716   2.453
  10.117  -0.153   4.663
  11.786   2.323   6.872
  14.548   4.848   7.385
  17.855   5.665   9.119
  19.423   7.746  11.842
  21.835  10.519  12.725
  25.282  11.224  13.976
  27.107  12.481  17.020
  28.832  15.536  18.404
  32.047  17.046  19.446
 continue
        7000
   3.965  -2.783   2.182
   7.062  -0.639   2.783
   9.818  -0.002   5.329
  11.426   2.690   7.384
  14.330   5.092   7.356
  17.637   5.728   9.190
  19.206   7.861  11.885
  21.582  10.692  12.728
  24.940  11.665  14.192
  26.704  13.324  17.069
  28.770  16.341  18.132
  32.217  17.373  19.045
 continue
        7500
   3.722  -2.622   2.952
   7.025  -0.794   3.002
   9.938   0.136   5.260
  11.311   2.866   7.373
  14.257   5.168   7.828
  17.140   6.143  10.118
  18.476   8.711  12.493
  21.187  11.274  12.750
  24.694  11.810  14.040
  26.504  13.767  16.744
  28.645  16.822  17.483
  32.143  17.894  18.466
 continue
        8000
   3.628  -2.493   3.061
   6.980  -0.846   3.581
   9.483   0.240   6.104
  10.841   3.010   8.151
  13.687   5.494   8.285
  17.007   6.288   9.940
  18.574   8.541  12.527
  20.880  11.518  12.814
  24.215  12.496  14.132
  26.041  14.605  16.681
  28.398  17.547  17.054
  31.940  18.333  17.941
 continue
        8500
   3.488  -2.768   3.662
   6.489  -0.505   4.101
   9.270   0.392   6.557
  10.698   3.382   8.436
  13.738   5.578   8.533
  16.693   6.487  10.744
  18.284   9.343  12.586
  21.045  11.807  12.470
  24.332  12.795  14.094
  25.789  15.086  16.728
  27.890  18.207  17.166
  31.374  19.498  17.741
 continue
        9000
   2.987  -2.120   4.665
   6.592  -0.900   4.723
   9.287   0.357   7.049
  10.640   3.583   8.415
  13.622   5.957   8.437
  16.610   6.789  10.554
  18.052   9.545  12.711
  20.560  12.405  12.911
  23.861  13.503  14.333
  25.489  16.004  16.645
  27.778  18.930  16.786
  31.013  20.324  17.954
 continue
        9500
   2.937  -2.461   5.101
   6.297  -0.693   5.185
   8.948   0.707   7.461
  10.620   3.823   8.770
  13.637   6.060   8.805
  16.520   7.303  10.899
  17.918  10.265  12.690
  20.509  12.976  12.602
  23.713  14.145  14.295
  25.108  16.654  16.794
  27.316  19.676  16.924
  30.782  20.816  17.956
 continue
       10000
   3.422  -2.876   5.436
   6.490  -0.697   5.597
   8.950   0.922   7.881
  10.250   4.243   9.108
  13.360   6.352   9.002
  16.344   7.689  10.920
  17.788  10.744  12.655
  20.577  13.252  12.434
  23.707  14.442  14.246
  25.021  17.060  16.699
  27.037  20.278  16.935
  30.461  21.645  17.829
 continue
       10500
   3.478  -2.466   5.772
   6.968  -1.060   6.069
   9.298   0.803   8.333
  10.443   4.305   9.193
  13.387   6.683   8.913
  16.287   8.006  10.873
  17.562  10.912  13.002
  19.962  13.831  12.906
  23.214  15.121  14.175
  25.032  17.618  16.382
  26.908  20.854  16.631
  30.229  22.237  17.702
 continue
       11000
   3.746  -3.010   6.115
   6.807  -0.730   6.071
   9.480   0.900   8.248
  10.655   4.279   9.597
  13.503   6.697   9.552
  16.203   8.362  11.579
  17.259  11.749  12.927
  19.722  14.506  12.623
  23.041  15.694  13.969
  24.455  18.271  16.278
  26.470  21.394  16.392
  29.888  22.846  17.244
 continue
       11500
   4.370  -3.375   6.336
   7.169  -0.782   6.508
   9.222   1.097   8.946
  10.333   4.472  10.166
  12.893   7.198   9.581
  15.984   8.602  11.164
  17.226  11.717  13.019
  19.633  14.672  12.766
  22.687  16.204  14.341
  23.917  19.204  16.257
  26.121  22.218  15.898
  29.478  23.721  16.790
 continue
       12000
   4.428  -3.438   7.049
   7.503  -1.260   7.086
   9.633   0.960   9.251
  10.553   4.575   9.811
  13.324   7.083   9.744
  15.592   9.090  11.966
  16.556  12.509  13.232
  19.127  15.145  12.680
  22.438  16.560  13.785
  23.944  19.391  15.820
  25.648  22.716  15.472
  28.867  24.744  16.218
 continue
       12500
   4.756  -3.622   7.047
   7.793  -1.432   7.601
   9.703   0.805   9.863
  10.515   4.517  10.421
  13.317   7.038   9.975
  16.007   8.998  11.721
  16.825  12.557  12.895
  18.982  15.599  12.263
  21.851  17.390  13.832
  23.167  20.482  15.495
  25.205  23.598  14.948
  28.539  25.128  15.819
 continue
       13000
   5.153  -4.169   7.896
   7.795  -1.497   7.738
   9.978   0.785   9.796
  10.873   4.446  10.386
  13.646   6.986  10.057
  15.780   9.293  12.031
  16.714  12.919  12.729
  19.378  15.500  12.216
  21.934  17.681  13.952
  22.764  21.271  14.813
  24.894  24.230  14.132
  27.564  26.427  15.707
 continue
       13500
   5.451  -3.699   8.375
   8.789  -1.989   8.709
  10.254   0.909  10.509
  11.323   4.546  10.130
  14.229   6.917   9.869
  16.252   9.325  11.813
  16.775  12.995  12.495
  19.226  15.880  12.102
  21.685  18.201  13.910
  22.129  21.831  15.014
  24.024  24.906  14.071
  26.897  27.287  14.939
 continue
       14000
   6.368  -4.340   8.767
   9.238  -1.967   9.188
  10.314   1.127  10.857
  11.589   4.715  10.405
  14.578   7.062  10.290
  16.624   9.536  12.181
  16.975  13.293  12.673
  19.081  16.298  11.705
  21.601  18.760  13.091
  21.797  22.233  14.489
  23.197  25.630  13.874
  25.872  27.982  15.095
 continue
       14500
   7.057  -4.419   9.279
   9.928  -2.030   9.189
  11.652   0.715  11.167
  11.771   4.564  11.126
  14.315   7.305  10.493
  16.166  10.085  12.168
  16.645  13.829  12.239
  19.065  16.605  11.739
  21.039  19.265  13.511
  21.195  22.927  14.452
  22.682  26.229  13.602
  25.373  28.756  14.731
 continue
       15000
   8.150  -4.921  10.096
  10.790  -2.245   9.618
  12.224   0.816  11.089
  12.299   4.627  10.829
  14.676   7.530  10.438
  16.432  10.213  12.310
  16.441  13.934  13.240
  18.010  17.240  12.207
  20.275  19.920  13.498
  20.682  23.542  14.239
  22.309  26.788  13.304
  24.747  29.422  14.513
 continue
       15500
   9.219  -5.482  10.033
  11.430  -2.416   9.977
  12.679   0.685  11.786
  12.715   4.494  11.874
  14.641   7.583  11.031
  16.452  10.525  12.420
  16.293  14.322  12.839
  17.939  17.601  11.882
  20.216  20.313  13.316
  20.171  23.847  14.668
  21.032  27.360  13.645
  23.994  29.860  13.697
 continue
       16000
  10.310  -5.772  10.478
  12.304  -2.574  10.095
  13.252   0.465  12.017
  12.890   4.219  12.193
  14.556   7.488  11.388
  16.462  10.347  12.831
  16.264  14.129  13.382
  17.555  17.582  12.304
  19.865  20.452  12.984
  20.023  24.005  14.255
  20.724  27.590  13.356
  22.557  30.884  14.110
 continue
       16500
  10.851  -6.043  11.005
  12.939  -2.948  10.444
  14.293   0.119  12.121
  13.857   3.925  12.362
  15.101   7.313  11.282
  16.638  10.463  12.662
  16.137  14.127  13.650
  17.176  17.617  12.746
  19.085  20.673  13.721
  18.935  24.247  14.691
  19.624  27.715  13.460
  22.056  30.603  13.886
 continue
       17000
  12.144  -6.523  11.508
  13.519  -3.116  10.657
  14.788   0.152  12.136
  14.015   3.877  12.520
  15.733   7.216  11.844
  17.229  10.382  13.231
  16.494  14.061  13.897
  17.049  17.551  12.597
  18.850  20.684  13.677
  18.341  24.198  14.947
  18.547  27.793  13.869
  20.710  30.932  14.177
 continue
       17500
  12.824  -6.235  11.474
  14.853  -3.079  11.267
  15.705   0.110  12.949
  14.672   3.704  13.131
  15.542   7.094  11.832
  17.108  10.255  13.003
  16.452  13.858  13.871
  17.187  17.441  12.717
  18.813  20.687  13.782
  18.024  24.146  15.044
  17.547  27.776  14.292
  19.146  31.155  14.817
 continue
       18000
  14.033  -6.705  12.304
  15.479  -3.374  11.351
  16.166   0.065  12.780
  15.190   3.746  12.699
  16.259   7.246  11.938
  17.435  10.418  13.503
  16.265  13.883  14.248
  16.500  17.422  13.105
  18.226  20.725  13.825
  17.526  24.040  15.463
  17.059  27.727  14.780
  18.451  31.234  15.212
 continue
       18500
  15.068  -7.076  12.359
  16.119  -3.567  11.595
  16.882  -0.190  13.063
  15.755   3.433  13.338
  16.333   7.032  12.110
  17.589  10.398  13.286
  16.171  13.781  14.232
  16.317  17.487  13.376
  17.519  20.772  14.702
  16.415  24.072  16.119
  16.549  27.672  15.043
  18.402  30.921  15.316
 continue
       19000
  16.283  -7.232  12.114
  17.136  -3.627  11.685
  17.489  -0.328  13.471
  15.916   3.121  13.536
  16.466   6.744  12.645
  17.121  10.132  14.212
  15.824  13.584  14.792
  16.137  17.183  13.727
  17.534  20.589  14.635
  16.677  24.059  15.852
  16.257  27.739  15.051
  17.100  31.206  16.362
 continue
       19500
  17.571  -7.250  11.906
  18.471  -3.641  12.471
  17.738  -0.340  14.155
  16.108   2.992  13.540
  17.124   6.589  12.984
  17.272  10.015  14.521
  15.817  13.498  14.690
  16.093  17.201  13.914
  17.089  20.489  15.516
  15.953  23.866  16.637
  15.441  27.464  15.539
  16.851  30.903  15.934
 continue
       20000
  18.836  -7.421  12.254
  19.327  -3.712  12.396
  17.998  -0.483  13.936
  16.869   3.043  13.295
  17.822   6.688  13.499
  17.300   9.946  15.374
  15.603  13.289  15.435
  16.134  16.989  14.642
  16.564  20.342  16.266
  15.008  23.738  16.703
  15.204  27.280  15.468
  16.438  30.649  16.564
 continue
       20500
  18.994  -6.904  11.324
  20.206  -3.556  12.479
  18.976  -0.641  14.573
  17.481   2.764  13.928
  18.182   6.450  14.157
  17.331   9.703  15.883
  15.645  12.992  15.279
  16.467  16.709  15.184
  16.021  20.143  16.767
  14.283  23.470  16.521
  15.119  27.181  15.954
  15.288  30.694  17.366
 continue
       21000
  19.936  -6.972  11.236
  20.490  -3.656  12.835
  18.737  -0.657  14.249
  18.026   2.969  13.817
  18.774   6.572  14.677
  17.315   9.602  16.399
  15.924  12.990  15.679
  16.921  16.653  15.655
  16.096  20.014  17.102
  14.184  23.161  16.551
  14.460  26.930  16.133
  13.916  30.050  18.133
 continue
       21500
  20.679  -7.041  11.505
  20.704  -3.822  13.465
  18.913  -0.456  14.018
  18.850   3.174  13.028
  19.286   6.516  14.737
  17.376   9.520  16.143
  16.736  13.115  15.444
  17.085  16.741  16.461
  15.204  19.612  17.983
  13.520  22.774  16.844
  13.925  26.543  16.764
  12.867  29.836  18.314
 continue
       22000
  21.506  -6.965  11.633
  20.929  -3.884  13.742
  19.031  -0.579  13.691
  19.441   3.126  13.283
  19.505   6.471  15.052
  17.167   9.438  15.449
  16.592  13.131  14.755
  16.675  16.547  16.452
  14.469  19.286  17.817
  13.316  22.728  17.066
  13.458  26.506  17.639
  11.570  29.336  19.122
 continue
       22500
  22.583  -6.792  11.855
  21.565  -3.739  13.769
  19.446  -0.564  13.584
  19.493   3.140  13.278
  18.584   6.168  15.226
  16.418   9.276  15.521
  16.342  12.944  14.825
  16.046  16.356  16.435
  13.701  19.240  16.936
  13.136  22.947  16.546
  12.916  26.002  18.809
  10.542  28.566  20.246
 continue
       23000
  23.651  -6.543  12.489
  21.866  -3.555  13.907
  19.804  -0.554  12.974
  19.589   3.106  13.408
  17.844   6.002  15.085
  15.837   9.209  14.621
  16.053  12.959  14.708
  15.111  15.840  16.990
  12.668  18.679  17.272
  12.520  22.443  17.301
  12.216  25.402  19.730
  10.280  28.589  20.282
 continue
       23500
  24.588  -5.735  13.453
  21.542  -3.490  13.434
  20.224  -0.177  12.116
  19.892   3.357  13.290
  17.582   5.591  15.258
  15.488   8.743  14.758
  15.705  12.425  15.488
  14.104  15.227  17.420
  12.071  18.385  17.111
  12.333  22.084  17.546
  11.571  24.965  19.910
   9.533  28.070  20.414
 continue
       24000
  24.728  -6.102  12.201
  22.121  -3.606  13.372
  20.978   0.043  12.880
  19.901   3.210  14.600
  16.922   5.488  15.041
  15.846   9.004  14.143
  15.583  12.281  15.886
  13.223  14.753  17.453
  11.674  18.101  16.956
  12.030  21.674  18.081
  10.391  24.344  20.120
   8.652  27.627  20.010
 continue
       24500
  24.926  -6.084  12.436
  22.086  -3.630  12.290
  21.272   0.035  12.323
  19.939   2.760  14.510
  17.028   5.100  15.109
  16.090   8.766  14.912
  15.516  11.974  16.774
  12.883  14.586  17.311
  12.012  18.219  16.628
  11.528  21.357  18.661
   8.853  23.706  20.005
   7.234  26.976  19.424
 continue
       25000
  24.223  -6.528  12.200
  22.084  -3.510  11.647
  21.721   0.111  12.490
  20.092   2.584  14.735
  17.501   5.281  14.525
  16.988   9.034  14.933
  15.677  11.726  17.169
  12.730  13.929  17.941
  11.498  17.496  17.421
  10.432  20.838  19.004
   7.424  23.120  19.493
   6.202  26.596  18.698
 continue
       25500
  23.548  -7.114  11.504
  22.207  -3.563  11.575
  22.368  -0.050  12.950
  20.326   2.473  14.868
  18.038   5.543  14.683
  17.301   9.108  15.751
  14.986  11.386  17.630
  12.225  13.893  17.136
  11.343  17.540  17.188
   9.374  20.074  19.230
   6.264  22.173  19.336
   4.881  25.543  18.590
 continue
       26000
  23.666  -6.976  11.475
  23.279  -3.202  11.565
  22.171  -0.402  13.892
  19.253   1.909  14.727
  17.835   5.379  14.186
  17.457   8.884  15.671
  14.755  11.021  17.273
  12.272  13.764  16.626
  11.114  17.296  17.528
   8.614  19.454  19.383
   5.355  21.273  18.959
   3.513  24.486  19.131
 continue
       26500
  24.733  -6.742  11.929
  23.873  -3.048  12.284
  21.915  -0.427  14.168
  19.116   2.033  13.745
  18.087   5.655  13.628
  16.625   8.419  15.752
  13.487  10.250  16.760
  11.626  13.493  16.339
  10.345  16.665  17.873
   7.202  18.090  19.514
   4.379  20.535  18.974
   3.447  24.133  19.562
 continue
       27000
  25.654  -6.055  12.258
  24.708  -2.387  12.405
  22.293  -0.048  14.021
  19.156   1.911  13.693
  17.671   5.352  14.022
  15.439   7.538  16.141
  12.451   9.844  15.911
  10.949  13.266  16.056
   8.816  15.449  18.261
   5.569  17.408  18.366
   4.281  20.954  18.635
   3.106  23.435  21.243
 continue
       27500
  26.659  -4.546  11.555
  25.138  -1.570  13.394
  21.839  -0.206  14.507
  19.044   2.100  13.445
  17.484   5.414  14.259
  14.363   6.857  15.877
  11.494   9.284  15.217
  10.345  12.759  16.013
   7.880  14.719  18.134
   5.242  17.437  17.925
   4.321  20.892  19.215
   2.019  22.695  21.636
 continue
       28000
  27.934  -2.467  12.059
  24.623  -1.747  13.858
  21.168  -0.314  13.251
  19.173   2.868  13.038
  16.907   5.083  15.082
  13.510   6.639  15.382
  11.382   9.717  14.932
  10.203  12.705  16.845
   7.189  14.258  18.336
   4.478  16.879  17.918
   3.368  20.265  18.998
   0.939  22.079  21.243
 continue
       28500
  27.980  -2.546  12.212
  24.697  -1.214  13.602
  21.498   0.486  12.623
  19.490   3.651  13.126
  16.668   5.047  15.153
  13.253   6.682  15.098
  11.279   9.916  15.377
   9.390  12.151  17.674
   5.965  13.633  18.288
   3.838  16.713  17.717
   2.419  19.838  19.210
  -0.597  21.693  20.475
 continue
       29000
  27.798  -2.328  11.226
  24.636  -1.145  12.968
  21.546   0.939  12.743
  19.814   4.088  14.009
  16.816   5.415  15.977
  13.429   7.004  15.452
  11.545  10.292  15.843
   8.477  11.812  17.385
   5.168  13.613  16.832
   3.436  17.010  17.349
   1.129  18.783  19.758
  -2.147  20.640  19.866
 continue
       29500
  27.713  -1.893  11.521
  24.179  -0.988  12.392
  21.634   1.715  12.371
  19.630   4.046  14.563
  16.106   5.168  15.454
  13.247   7.525  14.853
  11.735  10.627  16.325
   8.705  11.960  18.000
   5.361  13.519  17.202
   3.051  16.570  17.505
  -0.005  17.996  19.088
  -3.661  18.849  18.615
 continue
       30000
  27.324  -2.265  12.359
  23.848  -0.719  12.394
  21.828   2.377  11.993
  19.781   4.986  13.846
  16.269   5.687  14.992
  13.650   8.367  14.751
  11.460  10.680  16.759
   7.928  11.132  17.882
   4.694  12.959  16.988
   2.438  15.934  17.735
  -0.961  16.956  18.922
  -4.206  18.176  17.509
 continue
       30500
  27.231  -2.012  12.350
  23.754  -0.439  12.072
  21.997   2.882  12.468
  19.717   4.720  14.849
  16.111   5.814  15.068
  13.710   8.622  14.456
  11.004  10.707  16.174
   7.296  11.106  16.672
   4.405  13.410  15.944
   1.863  15.438  17.914
  -1.829  15.721  18.422
  -4.834  17.975  18.149
 continue
       31000
  27.324  -1.361  12.961
  24.231   0.643  12.008
  22.058   3.368  13.393
  18.560   4.100  14.511
  15.307   5.700  13.619
  13.252   8.782  14.379
  10.176  10.121  16.196
   6.603  11.046  15.672
   4.241  13.907  15.838
   1.588  15.496  17.966
  -2.061  15.406  18.674
  -5.273  17.201  17.732
 continue
       31500
  27.280  -0.906  13.273
  24.602   1.697  12.370
  21.791   3.689  13.781
  18.043   3.985  13.987
  15.272   6.210  12.826
  12.997   8.938  14.131
   9.655   9.593  15.875
   6.100  10.616  15.339
   3.608  13.337  15.953
   0.734  14.527  18.089
  -2.978  15.400  17.915
  -5.504  18.280  17.874
 continue
       32000
  27.507  -0.498  13.058
  24.789   2.085  12.330
  22.022   4.306  13.703
  18.333   4.492  14.345
  15.112   6.288  13.476
  12.305   8.456  14.796
   8.509   8.647  15.407
   5.555  10.816  14.555
   3.284  13.345  16.159
  -0.342  13.870  17.218
  -3.408  15.972  16.726
  -5.592  18.636  18.355
 continue
       32500
  27.786   0.801  12.235
  24.924   3.248  12.927
  21.538   3.504  14.509
  17.862   4.033  13.813
  15.059   6.490  13.619
  12.124   8.124  15.290
   8.400   8.554  15.175
   5.666  11.051  14.689
   2.991  13.169  16.272
  -0.734  13.751  16.676
  -3.652  15.994  15.974
  -5.999  18.532  17.433
 continue
       33000
  27.862   1.914  11.819
  24.797   3.506  13.358
  21.149   3.116  14.144
  17.751   4.473  13.172
  15.228   7.173  14.085
  11.885   7.740  15.787
   8.216   8.434  14.966
   5.653  11.210  14.826
   2.680  12.934  16.547
  -1.132  13.281  16.646
  -3.892  15.525  15.403
  -6.078  18.407  16.406
 continue
       33500
  27.589   1.898  11.319
  24.990   3.713  13.328
  21.283   3.724  14.050
  18.018   5.432  13.135
  15.127   7.519  14.565
  11.503   7.329  15.702
   8.039   8.485  14.763
   5.580  11.310  15.084
   2.223  12.106  16.600
  -1.215  13.163  15.308
  -3.615  16.054  15.186
  -7.045  17.241  16.230
 continue
       34000
  27.506   2.133  11.126
  24.844   3.732  13.244
  21.214   3.624  13.962
  17.938   5.344  13.316
  15.178   7.350  14.836
  11.428   7.495  15.045
   8.366   9.468  14.300
   5.451  11.463  15.501
   1.700  11.583  15.602
  -1.340  13.231  14.169
  -3.972  15.709  15.194
  -7.293  15.914  16.866
 continue
       34500
  27.686   2.403  12.208
  24.245   2.916  13.620
  20.641   3.499  12.570
  18.233   6.396  12.713
  15.114   7.534  14.562
  11.345   7.454  14.460
   8.275   9.369  13.356
   5.571  11.538  14.940
   1.828  11.689  15.807
  -1.507  13.159  14.660
  -4.476  15.168  15.830
  -8.197  14.953  16.273
 continue
       35000
  27.718   2.600  13.134
  23.975   2.390  13.317
  20.727   3.891  12.098
  18.199   6.665  12.586
  14.720   7.370  13.919
  11.155   8.251  13.063
   8.484  10.841  13.434
   5.315  11.431  15.479
   1.563  10.891  15.289
  -1.757  12.502  14.390
  -4.513  14.570  15.898
  -8.182  14.536  16.609
 continue
       35500
  27.757   2.140  13.078
  24.062   2.693  13.121
  21.265   4.945  11.981
  18.310   7.016  13.126
  14.572   6.962  13.747
  11.154   8.101  12.551
   8.418  10.525  13.334
   4.922  10.767  14.661
   1.221  11.261  14.052
  -1.647  13.540  14.661
  -4.918  14.149  16.506
  -8.628  13.689  16.919
 continue
       36000
  27.956   3.095  13.070
  24.261   2.795  12.603
  21.089   4.804  11.860
  17.908   6.388  13.100
  14.090   6.269  13.217
  11.010   8.208  12.159
   8.239  10.206  13.677
   4.463  10.060  14.180
   1.237  11.904  13.555
  -1.703  13.781  15.021
  -5.120  13.153  16.598
  -8.877  13.622  16.268
 continue
       36500
  27.687   3.140  13.342
  24.251   3.520  11.838
  21.068   5.582  11.565
  17.693   5.912  13.170
  14.029   5.994  12.431
  10.993   8.255  12.223
   8.105   9.842  14.023
   4.362   9.304  14.529
   0.996  10.799  13.772
  -1.724  12.644  15.530
  -5.471  12.751  16.112
  -8.604  14.407  14.909
 continue
       37000
  27.631   3.109  12.280
  24.034   3.568  11.252
  21.137   6.001  11.786
  17.827   6.206  13.539
  14.164   6.244  12.891
  11.129   8.455  13.253
   7.509   8.319  14.278
   3.821   8.371  13.444
   0.988  10.885  13.603
  -2.007  12.028  15.535
  -5.835  12.123  15.485
  -8.641  14.440  14.602
 continue
       37500
  27.377   3.087  11.103
  24.111   4.923  11.017
  21.062   6.148  12.899
  17.571   5.133  13.570
  13.993   5.987  12.666
  11.069   8.281  13.384
   7.562   8.198  14.664
   3.957   8.857  13.598
   0.915  10.980  13.953
  -2.681  11.122  15.074
  -6.199  11.785  13.889
  -9.306  13.538  15.112
 continue
       38000
  27.306   3.527  10.601
  24.240   5.562  11.401
  20.798   5.278  12.969
  17.098   5.260  12.219
  14.020   7.437  12.507
  10.651   7.921  14.235
   6.968   7.384  13.975
   3.793   9.261  13.278
   0.771  10.726  15.027
  -2.857  10.295  15.713
  -6.287  10.707  14.134
  -9.207  13.079  13.904
 continue
       38500
  27.197   4.207  10.308
  23.995   5.533  11.809
  20.304   4.723  12.293
  16.877   6.084  11.518
  14.026   8.117  12.930
  10.662   7.590  14.526
   7.013   7.253  13.594
   3.740   9.208  13.472
   0.410  10.028  15.115
  -3.248   9.191  14.799
  -6.639  10.672  13.820
  -9.902  12.174  14.907
 continue
       39000
  26.948   4.436   9.911
  24.159   5.903  11.873
  20.532   5.215  12.712
  16.967   6.196  12.077
  13.701   7.752  13.105
  10.094   7.044  13.958
   6.750   8.146  12.662
   3.423   9.594  13.791
  -0.067   8.582  14.734
  -3.669   9.018  13.608
  -6.777  10.953  14.425
 -10.323  10.550  15.594
 continue
       39500
  27.125   5.208  10.514
  23.783   5.767  12.182
  20.073   5.191  11.896
  16.708   6.880  11.389
  13.591   7.550  13.369
   9.917   6.783  13.186
   6.501   8.112  12.459
   3.187   8.808  14.055
  -0.525   8.027  13.777
  -3.890   9.647  13.468
  -7.164  10.316  15.316
 -10.726   9.114  15.375
 continue
       40000
  26.852   6.477  11.690
  23.250   5.448  12.004
  19.777   5.749  10.559
  16.451   7.295  11.431
  13.001   6.379  12.841
   9.358   6.389  11.808
   6.149   8.314  12.387
   2.983   8.609  14.448
  -0.557   7.441  14.160
  -4.006   8.733  13.539
  -7.335   9.541  15.033
 -10.940   8.592  15.693
 continue
       40500
  26.493   7.058  11.902
  22.999   5.844  11.115
  19.453   6.962  10.353
  15.990   7.365  11.817
  12.571   5.986  12.401
   9.049   6.341  11.209
   5.861   8.166  11.978
   2.667   7.686  13.904
  -0.978   6.833  13.749
  -4.451   8.287  13.696
  -7.456   8.571  15.926
 -11.238   8.257  15.844
 continue
       41000
  26.271   7.527  10.981
  22.755   6.187  11.268
  19.291   7.010  10.169
  15.933   7.610  11.753
  12.486   6.251  11.877
   8.854   6.906  11.322
   5.481   7.406  13.053
   1.965   6.035  12.997
  -1.613   7.113  12.405
  -4.561   8.588  14.220
  -7.741   7.673  16.131
 -11.498   7.294  16.028
 continue
       41500
  26.085   7.619  10.776
  22.484   6.725   9.970
  18.862   7.792  10.378
  15.560   7.099  12.085
  12.089   5.694  11.530
   8.550   6.920  10.977
   5.307   7.571  12.850
   1.853   6.194  13.676
  -1.768   6.947  13.122
  -5.021   7.774  14.895
  -8.314   6.276  15.864
 -12.002   6.778  14.946
 continue
       42000
  25.667   7.443  10.634
  22.138   7.056   9.283
  18.572   7.995   9.902
  15.396   6.924  11.625
  11.710   6.268  11.283
   8.254   7.561  11.829
   5.126   6.987  13.871
   1.597   5.702  13.871
  -2.021   6.596  13.238
  -5.299   6.909  15.028
  -8.826   5.589  15.457
 -12.437   6.027  14.302
 continue
       42500
  25.351   7.375   9.232
  21.599   7.256   8.876
  18.351   8.381  10.391
  15.227   7.306  12.289
  11.604   6.488  11.773
   8.124   7.723  12.433
   4.742   6.550  13.714
   1.213   5.572  12.772
  -2.433   6.351  13.403
  -5.687   5.731  15.206
  -9.240   4.530  15.051
 -12.791   5.713  14.579
 continue
       43000
  24.695   7.099   8.693
  21.215   8.525   9.039
  17.994   8.762  11.111
  14.814   6.818  12.056
  11.096   6.552  11.223
   7.637   7.547  12.316
   4.481   6.478  14.107
   0.935   5.392  13.438
  -2.621   6.403  13.840
  -5.841   5.057  15.347
  -9.286   3.904  14.529
 -12.982   4.730  14.571
 continue
       43500
  24.130   7.706   9.239
  20.562   8.868   9.266
  17.394   8.038  10.943
  13.837   6.820  10.786
  10.245   7.793  11.266
   7.407   7.486  13.670
   4.247   5.469  14.140
   0.680   5.192  12.995
  -2.874   6.037  14.098
  -6.031   4.671  15.581
  -9.379   3.139  14.650
 -13.129   3.705  14.576
 continue
       44000
  23.750   8.191   8.542
  20.085   8.798   9.130
  17.307   8.462  11.619
  13.883   6.866  11.676
  10.207   7.425  11.174
   6.826   7.415  12.796
   3.662   5.452  13.209
  -0.103   5.768  13.143
  -3.323   5.165  14.998
  -6.279   2.798  15.246
  -9.913   2.638  14.257
 -13.467   3.236  15.623
 continue
       44500
  23.609   8.559   8.783
  19.967   9.448   9.260
  16.813   8.466  11.148
  13.332   6.983  10.772
   9.602   7.656  11.294
   6.654   6.591  13.341
   3.407   4.579  13.320
  -0.345   4.713  12.788
  -3.582   4.730  14.658
  -6.860   2.947  15.018
 -10.569   3.180  14.769
 -13.612   1.879  16.579
 continue
       45000
  22.760   9.797   8.508
  19.417   9.705  10.294
  16.452   7.572  11.248
  12.866   6.697  10.227
   9.285   7.246  11.061
   6.441   5.795  13.041
   2.896   4.549  12.551
  -0.788   5.078  12.952
  -3.661   3.973  15.125
  -6.755   1.873  15.272
 -10.531   1.826  15.058
 -13.850   2.583  16.727
 continue
       45500
  22.315  10.528   8.581
  19.119   9.808  10.507
  16.115   7.546  10.985
  12.475   7.018  10.024
   8.911   7.093  11.320
   6.272   4.830  12.730
   2.755   3.617  12.143
  -0.659   4.599  13.449
  -3.623   3.335  15.354
  -7.007   1.632  15.019
 -10.739   2.179  15.135
 -13.965   1.583  17.113
 continue
       46000
  21.969  10.664   8.265
  18.811  10.119  10.208
  16.060   7.649  10.714
  12.419   7.020  10.213
   9.143   6.691  12.073
   6.179   4.550  12.827
   2.510   3.977  12.066
  -0.800   4.037  13.793
  -3.839   1.907  14.374
  -7.529   1.828  13.836
 -10.703   2.218  15.817
 -13.520   0.496  17.728
 continue
       46500
  21.523  10.888   7.957
  18.767   9.624  10.201
  15.756   7.449   9.878
  11.993   7.510  10.494
   9.295   6.262  12.712
   6.199   4.150  12.392
   2.475   4.402  11.964
  -0.865   4.166  13.753
  -3.685   1.803  14.659
  -7.360   1.157  14.065
 -10.577   1.636  16.015
 -13.564  -0.325  17.280
 continue
       47000
  21.327  11.051   8.649
  18.608   8.744   9.753
  15.264   7.247   8.811
  11.657   7.792   9.722
   9.031   6.539  12.157
   5.994   4.376  12.421
   2.193   4.624  12.457
  -0.947   4.002  14.520
  -3.515   1.340  15.170
  -7.185   0.845  14.560
 -10.523   0.925  16.164
 -13.565  -1.249  16.430
 continue
       47500
  21.642  10.253   7.828
  18.553   8.963   9.562
  14.983   7.808   9.067
  11.305   8.192   9.959
   8.730   6.324  12.008
   5.507   4.467  11.825
   1.892   4.887  12.654
  -0.728   3.309  14.797
  -3.578   0.854  14.444
  -7.323   0.700  14.465
 -10.566   0.076  16.330
 -13.347  -2.457  16.822
 continue
       48000
  21.028  10.581   7.280
  18.367   8.449   8.859
  14.703   7.700   8.875
  11.310   8.044  10.598
   8.763   6.086  12.586
   5.459   4.377  11.914
   1.769   4.783  12.212
  -0.930   2.901  14.046
  -4.033   0.847  13.626
  -7.634   0.611  14.553
 -10.024  -1.105  16.876
 -12.658  -3.792  17.340
 continue
       48500
  20.768  11.136   7.532
  18.131   8.754   8.590
  14.442   7.960   8.106
  11.262   7.708  10.106
   8.508   5.379  11.348
   4.961   4.298  11.019
   1.612   4.343  12.808
  -0.861   2.380  14.881
  -3.923   0.264  14.496
  -7.636   0.120  14.993
 -10.003  -1.912  17.061
 -12.661  -4.585  17.086
 continue
       49000
  20.405  11.585   7.700
  17.512   9.187   7.913
  13.818   8.727   7.401
  10.791   7.836   9.544
   8.479   5.177  10.759
   4.840   4.154  10.739
   1.714   3.673  12.795
  -0.547   1.223  14.667
  -3.956  -0.496  14.506
  -7.423  -0.622  15.988
  -9.830  -3.070  17.628
 -13.211  -4.539  16.895
 continue
       49500
  19.424  12.431   6.598
  16.784   9.790   6.829
  13.248   8.945   7.766
  10.938   7.354  10.240
   8.303   4.706  10.573
   4.602   4.179  10.830
   1.901   2.849  13.027
  -0.674   0.140  13.612
  -4.332  -0.750  13.628
  -7.309  -1.184  15.859
  -9.551  -3.550  17.780
 -12.929  -5.234  18.044
 continue
       50000
  18.812  11.974   5.964
  15.271  10.774   5.981
  12.381   9.618   8.219
  10.750   6.752  10.066
   8.110   3.933   9.960
   4.403   3.459  10.433
   1.803   2.455  12.989
  -0.553  -0.443  13.649
  -4.246  -1.174  13.888
  -6.864  -1.855  16.554
  -9.264  -4.373  18.095
 -12.695  -5.975  17.710
 continue
       50500
  17.837  12.733   5.940
  15.149  10.143   5.588
  11.965   9.046   7.130
  10.226   6.568   9.384
   7.228   4.465   9.643
   3.903   3.905  11.399
   1.968   1.466  13.499
  -0.644  -1.295  13.489
  -4.263  -1.968  14.381
  -6.763  -3.026  16.945
  -9.289  -5.736  17.774
 -12.959  -6.538  17.796
 continue
       51000
  17.439  12.496   5.275
  14.581  10.005   5.291
  11.231   9.389   7.077
   9.783   6.889   9.472
   7.145   4.144   9.802
   3.701   3.260  11.058
   1.658   1.017  13.340
  -1.125  -1.557  13.755
  -4.308  -2.218  15.694
  -6.368  -4.917  17.376
  -9.437  -7.062  16.786
 -12.846  -7.666  18.278
 continue
       51500
  16.759  11.773   4.356
  13.305  10.704   5.415
  11.078   9.298   8.152
   9.171   6.211   9.124
   5.860   4.441   9.575
   3.273   3.258  12.085
   1.897   0.153  13.710
  -0.981  -2.278  13.747
  -4.462  -3.147  14.795
  -6.486  -5.139  17.205
  -8.588  -8.149  17.856
 -12.168  -8.987  18.620
 continue
       52000
  15.551  11.738   3.923
  12.276  10.944   5.630
  10.926   8.613   8.232
   8.926   5.462   9.007
   5.389   4.356   9.571
   2.901   3.104  12.174
   1.604  -0.127  13.603
  -1.352  -2.476  13.464
  -4.625  -3.453  15.100
  -6.081  -5.816  17.653
  -8.063  -9.067  18.281
 -11.465 -10.682  18.729
 continue
       52500
  15.127  12.019   4.242
  11.733  10.530   4.806
   9.592   8.847   7.494
   8.248   5.778   9.066
   5.212   3.551   9.446
   2.675   2.324  11.909
   1.187  -0.724  13.641
  -2.133  -2.465  13.945
  -4.347  -3.931  16.579
  -5.314  -7.407  17.686
  -7.956 -10.073  17.531
 -10.798 -11.588  19.521
 continue
       53000
  14.389  11.729   4.158
  10.918  10.178   4.582
   8.705   8.870   7.314
   7.367   5.533   8.508
   4.097   3.925   9.296
   2.310   2.309  12.221
   1.427  -1.026  13.723
  -1.247  -3.737  13.894
  -3.742  -5.375  16.208
  -4.820  -8.541  17.925
  -7.831 -10.785  18.113
 -10.438 -12.049  20.493
 continue
       53500
  12.952  11.935   3.196
   9.926  10.313   4.767
   8.631   8.701   7.881
   7.112   5.348   8.653
   4.079   3.181   9.160
   2.109   1.413  11.856
   1.221  -1.964  13.290
  -1.410  -4.628  13.636
  -3.981  -5.884  16.151
  -4.720  -8.508  18.763
  -6.670 -11.693  19.302
  -9.839 -12.954  20.928
 continue
       54000
  11.512  13.013   3.502
   9.085  10.402   4.624
   7.925   7.866   7.189
   7.269   4.321   8.154
   4.424   1.967   9.085
   2.120   0.817  11.803
   1.136  -2.333  13.656
  -1.528  -4.853  14.347
  -4.001  -6.101  16.829
  -4.648  -8.895  19.305
  -6.417 -12.170  19.528
  -8.672 -14.350  21.602
 continue
       54500
  11.168  12.358   3.110
   8.185  10.196   4.171
   6.596   8.378   7.070
   5.995   4.825   8.518
   3.432   2.058   8.916
   1.567   0.163  11.708
   1.608  -2.986  13.782
  -0.526  -5.990  14.562
  -2.912  -7.359  17.155
  -3.632 -10.165  19.624
  -5.835 -13.112  20.604
  -8.910 -14.225  22.458
 continue
       55000
   9.727  12.201   2.601
   7.239   9.549   3.609
   5.676   7.919   6.616
   5.486   4.879   8.710
   3.228   1.937   9.471
   1.619  -0.087  12.183
   1.564  -3.352  14.142
  -0.292  -6.547  14.715
  -2.979  -8.236  16.830
  -3.509 -10.495  19.799
  -4.969 -13.655  21.155
  -7.459 -15.102  23.564
 continue
       55500
   8.250  11.931   2.368
   5.912   9.189   3.528
   5.189   7.297   6.669
   5.536   3.925   8.215
   3.647   0.802   9.174
   1.267  -0.721  11.685
   0.801  -2.989  14.650
  -0.550  -6.342  15.805
  -2.935  -7.988  18.223
  -2.908 -10.597  21.059
  -3.743 -14.260  21.335
  -6.165 -16.595  23.110
 continue
       56000
   7.672  11.309   1.787
   5.818   8.241   3.012
   4.120   6.696   5.920
   4.349   3.681   8.211
   2.539   0.658   9.434
   0.718  -0.665  12.524
   0.962  -3.336  15.202
   0.029  -6.828  16.075
  -2.312  -9.036  18.044
  -2.778 -11.003  21.211
  -2.840 -14.569  22.428
  -5.230 -17.359  23.168
 continue
       56500
   7.121   9.864   1.016
   5.038   7.096   2.522
   2.809   6.137   5.460
   3.245   4.326   8.698
   2.774   0.867  10.230
   0.294  -1.185  12.104
   0.365  -3.698  14.995
   0.424  -7.304  15.984
  -1.675  -9.747  17.924
  -1.806 -11.958  21.033
  -2.411 -15.384  22.507
  -4.757 -17.574  24.524
 continue
       57000
   5.738  10.133   0.396
   4.455   6.967   2.151
   2.721   5.190   4.988
   3.000   3.174   8.212
   2.476  -0.200   9.706
   0.397  -2.136  12.208
   0.524  -4.006  15.453
   0.193  -7.602  16.615
  -1.990  -9.999  18.498
  -2.063 -12.183  21.573
  -1.449 -15.590  22.939
  -3.385 -18.545  24.255
 continue
       57500
   4.362  10.005   0.917
   3.549   6.412   1.930
   2.171   4.462   4.842
   2.952   1.892   7.511
   1.751  -1.391   8.959
  -0.001  -2.961  11.904
   0.701  -4.552  15.274
   0.659  -7.920  16.832
  -1.501 -10.270  18.872
  -1.772 -12.226  22.042
  -1.110 -15.642  23.501
  -2.128 -19.229  24.058
 continue
       58000
   3.723   9.051   0.196
   2.825   5.798   1.859
   0.933   4.197   4.701
   1.504   2.186   7.788
   1.888  -1.360   9.132
   0.087  -3.849  11.291
   0.179  -5.614  14.613
   0.609  -9.008  16.157
  -0.893 -11.618  18.382
  -0.640 -13.281  21.836
  -0.395 -16.668  23.499
  -1.898 -18.893  26.194
 continue
       58500
   2.360   8.708   0.265
   1.933   5.253   1.721
   0.222   3.265   4.322
   0.870   1.236   7.415
   0.949  -2.193   8.846
  -0.197  -4.481  11.665
   0.673  -6.665  14.600
   0.796 -10.265  15.703
  -0.962 -12.565  18.094
  -0.371 -13.586  21.724
   0.387 -16.632  23.796
  -1.202 -18.825  26.389
 continue
       59000
   0.849   8.063   0.450
  -0.201   4.564   1.609
  -0.285   2.574   4.853
   1.535  -0.196   6.672
   0.786  -3.776   7.696
  -0.726  -5.560  10.614
   0.183  -6.880  14.042
   1.043  -9.839  16.074
  -0.368 -12.283  18.666
   0.037 -13.657  22.173
   1.056 -16.823  23.981
  -0.298 -19.779  25.811
 continue
       59500
  -0.899   7.337  -0.448
  -1.421   3.882   0.987
  -1.189   1.978   4.240
   0.552  -0.602   6.352
   0.331  -4.091   7.856
  -0.819  -5.871  11.012
   0.453  -7.505  14.145
   0.820 -10.875  15.821
  -0.465 -13.150  18.480
   0.408 -14.501  21.939
   1.965 -17.165  23.956
   0.899 -20.149  25.957
 continue
       60000
  -2.058   5.804  -1.436
  -2.584   2.623   0.529
  -2.873   1.157   3.942
  -1.129  -0.340   6.942
  -0.700  -3.661   8.626
  -1.250  -6.041  11.524
   0.570  -8.182  14.030
   0.919 -11.629  15.372
   0.089 -13.869  18.296
   1.579 -15.069  21.535
   2.433 -18.139  23.661
   1.483 -20.197  26.696
 continue
       60500
  -3.858   4.831  -1.754
  -4.138   1.692   0.339
  -3.887   0.494   3.943
  -1.913  -1.755   6.191
  -1.540  -5.088   7.946
  -1.758  -6.573  11.425
   0.043  -7.864  14.541
   1.109 -11.153  16.094
   0.701 -13.527  19.023
   2.372 -15.349  21.906
   3.257 -18.787  23.267
   2.098 -21.493  25.661
 continue
       61000
  -5.633   3.649  -2.206
  -5.547   0.591   0.065
  -4.847  -0.504   3.637
  -2.486  -2.518   5.785
  -2.380  -5.307   8.277
  -1.940  -6.442  11.873
   0.152  -8.519  14.205
   0.798 -11.852  15.983
   0.395 -13.898  19.082
   2.111 -15.405  22.088
   3.834 -18.599  22.861
   4.021 -21.846  24.696
 continue
       61500
  -6.739   1.466  -2.811
  -6.891  -0.449   0.453
  -6.118  -0.472   4.141
  -3.875  -2.435   6.408
  -2.907  -5.692   8.055
  -2.920  -7.672  11.263
  -0.943  -9.120  14.120
   0.923 -12.089  15.383
   1.066 -14.631  18.254
   3.167 -15.791  21.146
   4.947 -18.895  22.494
   4.746 -21.317  25.343
 continue
       62000
  -8.533   1.172  -2.220
  -8.305  -1.643   0.231
  -7.689  -2.622   3.779
  -4.985  -3.984   5.945
  -3.861  -7.051   7.871
  -3.123  -8.046  11.504
  -0.335  -9.598  13.521
   0.973 -12.924  14.821
   1.130 -15.167  17.824
   3.010 -15.982  21.056
   5.450 -18.505  22.466
   6.030 -21.323  24.899
 continue
       62500
 -11.051   0.671  -1.346
  -9.834  -2.580   0.211
  -8.538  -4.202   3.454
  -5.450  -5.462   5.338
  -3.922  -8.437   7.161
  -3.766 -10.127  10.564
  -1.439 -10.595  13.446
   0.880 -13.122  14.883
   1.356 -14.926  18.127
   3.993 -15.742  20.726
   6.183 -18.630  21.920
   6.440 -21.470  24.354
 continue
       63000
 -12.417  -0.680  -1.181
 -11.097  -3.807   0.448
  -9.759  -5.452   3.549
  -6.845  -6.307   5.630
  -4.710  -9.062   6.910
  -4.032 -11.120   9.971
  -1.378 -11.505  12.628
   1.033 -13.987  14.121
   1.806 -16.156  17.151
   3.999 -16.553  20.141
   6.826 -18.338  21.842
   7.565 -20.742  24.554
 continue
       63500
 -13.360  -2.313  -1.320
 -11.793  -5.242   0.511
 -10.726  -6.350   3.976
  -7.546  -7.215   5.723
  -5.542 -10.111   7.038
  -4.320 -11.755  10.226
  -1.218 -12.324  12.142
   1.261 -15.006  13.193
   2.019 -17.345  16.033
   3.802 -17.231  19.436
   7.029 -17.664  21.410
   8.684 -19.858  24.035
 continue
       64000
 -14.685  -3.790  -1.257
 -12.829  -6.435   0.626
 -11.308  -7.413   3.942
  -7.991  -8.265   5.504
  -5.732 -11.279   6.239
  -4.577 -13.438   9.190
  -2.162 -13.282  12.145
   1.036 -14.852  13.390
   2.498 -17.159  16.037
   4.238 -17.108  19.347
   7.727 -18.002  20.627
   9.475 -20.394  22.934
 continue
       64500
 -16.229  -5.163  -0.574
 -13.134  -7.088   0.178
 -11.906  -9.592   2.665
  -9.204 -10.201   5.192
  -6.153 -12.057   6.309
  -4.591 -13.574   9.403
  -1.938 -13.316  12.009
   1.072 -14.999  13.478
   2.257 -16.929  16.443
   5.135 -17.208  18.844
   8.337 -19.044  19.654
  10.394 -21.064  22.019
 continue
       65000
 -17.173  -7.347  -1.288
 -13.880  -8.629   0.010
 -12.327 -10.485   2.987
 -10.059 -10.271   6.027
  -6.710 -11.904   6.818
  -4.857 -14.187   9.219
  -2.300 -14.024  11.960
   1.246 -15.048  12.882
   3.068 -17.522  15.135
   5.532 -17.858  18.083
   8.839 -19.339  19.095
  10.421 -21.353  21.817
 continue
       65500
 -17.530  -8.681  -1.185
 -14.951 -10.804   0.532
 -13.225 -11.453   3.767
 -10.058 -10.859   5.681
  -6.545 -12.171   6.414
  -4.682 -14.288   8.939
  -2.232 -14.220  11.795
   1.184 -15.466  12.689
   3.000 -18.344  14.418
   4.756 -18.967  17.646
   8.067 -18.916  19.415
  10.870 -21.264  19.900
 continue
       66000
 -18.751 -10.140  -0.591
 -15.234 -11.377   0.052
 -13.135 -12.415   2.992
 -10.243 -11.589   5.209
  -6.984 -13.113   6.115
  -5.272 -15.099   8.777
  -2.670 -15.057  11.341
   0.734 -16.029  12.471
   2.995 -18.481  14.149
   5.132 -18.906  17.280
   8.707 -19.373  18.458
  11.197 -21.784  20.047
 continue
       66500
 -19.078 -10.373  -0.705
 -15.619 -11.571   0.067
 -13.645 -13.923   2.242
 -11.208 -13.924   5.083
  -7.514 -14.044   6.123
  -5.218 -16.184   8.356
  -2.526 -16.004  11.162
   1.156 -16.868  11.676
   3.155 -18.755  14.237
   5.650 -18.489  17.043
   9.157 -19.709  17.726
  10.980 -22.307  19.734
 continue
       67000
 -19.189 -10.965  -0.907
 -16.302 -13.260   0.044
 -14.144 -14.696   2.821
 -10.882 -14.238   4.754
  -7.546 -15.699   5.553
  -5.417 -17.524   8.012
  -2.953 -17.104  10.777
   0.689 -17.370  11.426
   3.412 -19.387  13.056
   5.444 -19.858  16.181
   8.956 -19.615  17.619
  11.875 -21.459  19.149
 continue
       67500
 -19.227 -12.561  -1.339
 -16.762 -14.721   0.531
 -14.425 -14.891   3.478
 -10.860 -14.716   4.730
  -7.456 -16.310   4.708
  -5.527 -18.585   6.979
  -3.365 -18.596  10.030
   0.306 -18.835  11.067
   3.087 -20.717  12.776
   5.562 -20.556  15.678
   8.803 -19.630  17.283
  12.386 -20.579  17.958
 continue
       68000
 -20.533 -13.368  -0.802
 -17.060 -14.763  -0.364
 -14.542 -16.381   1.968
 -11.630 -16.222   4.402
  -8.184 -17.666   5.238
  -5.870 -19.506   7.573
  -2.890 -18.734   9.840
   0.764 -19.341  10.442
   3.087 -21.501  12.526
   5.446 -21.053  15.408
   8.959 -20.004  16.332
  12.542 -21.006  17.136
 continue
       68500
 -20.514 -14.165  -0.746
 -17.036 -15.616  -0.452
 -15.053 -18.017   1.572
 -12.416 -18.227   4.319
  -8.723 -18.164   5.034
  -5.778 -19.937   6.645
  -3.403 -19.891   9.612
   0.222 -19.206  10.511
   3.420 -20.640  11.899
   6.058 -20.350  14.594
   9.793 -20.654  15.134
  12.006 -23.062  17.123
 continue
       69000
 -20.958 -16.638  -1.142
 -17.317 -17.230  -0.538
 -15.161 -19.069   1.858
 -12.247 -18.151   3.979
  -8.552 -18.685   4.417
  -5.948 -20.203   6.618
  -3.314 -19.756   9.371
   0.407 -19.366  10.067
   3.674 -21.004  10.966
   5.874 -21.818  13.908
   9.253 -21.497  15.337
  12.380 -23.469  16.104
 continue
       69500
 -21.279 -19.055  -1.308
 -17.504 -19.335  -0.852
 -14.971 -19.731   1.938
 -12.122 -18.168   3.978
  -8.397 -18.352   4.312
  -5.835 -20.111   6.266
  -2.990 -19.889   8.698
   0.626 -20.258   9.357
   3.186 -22.612  10.779
   5.540 -22.905  13.656
   8.888 -21.659  14.708
  12.385 -23.028  14.906
 continue
       70000
 -21.482 -20.186  -1.447
 -17.785 -20.425  -0.904
 -15.247 -20.962   1.723
 -12.489 -19.209   3.719
  -8.711 -19.305   3.862
  -5.881 -21.204   5.566
  -3.421 -20.714   8.466
   0.374 -20.340   8.917
   3.441 -22.299  10.005
   6.080 -22.023  12.769
   9.707 -21.937  13.684
  12.397 -24.113  15.247
 continue
       70500
 -21.783 -20.219  -0.854
 -18.073 -20.828  -0.919
 -15.285 -22.354   1.027
 -12.475 -21.513   3.322
  -8.743 -21.411   3.573
  -5.904 -22.040   5.762
  -3.082 -20.470   7.652
   0.603 -20.413   7.718
   3.302 -22.077   9.782
   5.843 -21.845  12.594
   9.551 -22.028  13.219
  12.480 -24.251  14.345
 continue
       71000
 -22.249 -21.305  -1.427
 -18.559 -22.145  -0.777
 -15.803 -22.491   1.731
 -12.390 -21.100   2.745
  -8.647 -21.598   2.831
  -5.901 -22.993   5.017
  -3.136 -22.303   7.551
   0.608 -21.914   7.685
   3.675 -23.105   9.452
   6.179 -22.100  12.015
   9.873 -21.752  12.361
  13.015 -22.633  14.284
 continue
       71500
 -21.798 -21.739  -1.986
 -18.507 -23.131  -0.726
 -16.018 -22.842   2.122
 -12.447 -21.539   2.617
  -8.833 -22.685   2.583
  -6.129 -23.864   5.003
  -2.813 -22.810   6.643
   0.938 -23.308   6.885
   3.735 -24.010   9.266
   6.362 -22.718  11.652
   9.729 -21.112  11.842
  13.318 -21.312  13.160
 continue
       72000
 -21.846 -21.761  -1.874
 -18.523 -23.436  -1.121
 -15.575 -24.076   1.193
 -11.842 -23.547   1.626
  -8.578 -24.824   3.084
  -6.009 -24.637   5.718
  -2.764 -22.873   6.526
   0.949 -22.708   6.548
   4.012 -23.685   8.505
   6.520 -22.423  11.048
   9.912 -20.819  11.469
  13.438 -21.911  12.173
 continue
       72500
 -21.487 -23.073  -2.319
 -18.261 -24.868  -1.594
 -15.481 -25.166   0.828
 -12.164 -23.929   2.141
  -8.468 -24.396   2.313
  -5.595 -25.545   4.514
  -2.729 -23.996   6.409
   1.005 -23.322   6.745
   3.913 -23.201   9.199
   7.190 -21.379   9.751
  10.914 -21.313   9.855
  13.738 -22.250  12.145
 continue
       73000
 -21.693 -25.504  -2.457
 -17.943 -25.863  -1.906
 -15.093 -26.247   0.539
 -12.148 -24.179   1.594
  -8.491 -24.732   2.468
  -5.811 -24.474   5.059
  -2.372 -23.143   5.736
   1.256 -24.066   5.817
   4.444 -24.370   7.892
   7.323 -22.507   9.626
  10.947 -21.347   9.674
  14.237 -21.940  11.493
 continue
       73500
 -21.122 -27.479  -2.957
 -17.985 -28.177  -0.980
 -15.334 -26.565   1.157
 -11.966 -24.802   1.080
  -8.165 -24.745   1.320
  -5.103 -25.396   3.494
  -2.195 -23.829   5.419
   1.468 -22.874   5.367
   4.759 -23.470   7.039
   7.354 -22.643   9.602
  10.986 -21.955   9.711
  14.380 -23.175  10.522
 continue
       74000
 -21.252 -29.639  -1.964
 -17.488 -29.355  -1.928
 -14.550 -28.374   0.262
 -11.742 -25.782   0.579
  -8.030 -25.227   0.761
  -5.199 -24.966   3.259
  -2.229 -23.349   4.937
   1.496 -22.807   5.108
   4.860 -23.968   6.419
   7.567 -22.835   8.853
  11.326 -22.302   9.203
  14.590 -23.592  10.600
 continue
       74500
 -20.704 -31.240  -2.413
 -17.350 -29.603  -2.311
 -14.234 -29.474  -0.270
 -11.630 -27.346   1.257
  -8.028 -26.140   0.807
  -4.639 -26.037   2.472
  -1.853 -23.900   3.961
   1.957 -23.696   4.120
   4.862 -24.289   6.498
   7.770 -22.845   8.491
  11.497 -22.141   8.685
  14.754 -23.494  10.036
 continue
       75000
 -20.640 -31.245  -2.422
 -16.840 -31.188  -2.520
 -13.628 -30.812  -0.523
 -11.097 -28.200   0.654
  -7.420 -27.339   0.677
  -3.949 -27.922   2.134
  -1.719 -26.185   4.512
   1.488 -24.234   4.488
   5.210 -24.620   5.115
   7.779 -23.960   7.809
  11.128 -22.165   8.037
  14.663 -22.267   9.471
 continue
       75500
 -20.202 -31.649  -2.689
 -16.463 -31.609  -2.859
 -13.364 -31.901  -0.730
 -10.571 -29.913   0.772
  -7.096 -28.578   0.429
  -3.972 -29.338   2.285
  -1.527 -27.509   4.408
   1.788 -25.807   4.141
   5.363 -26.023   5.188
   7.801 -24.595   7.619
  10.373 -21.889   8.039
  13.994 -21.107   7.669
 continue
       76000
 -19.960 -32.909  -3.200
 -16.534 -31.497  -3.006
 -13.164 -32.454  -1.582
 -10.694 -31.375   1.015
  -7.092 -30.308   0.927
  -3.662 -31.104   2.216
  -0.995 -29.210   4.056
   1.949 -26.858   3.730
   5.484 -26.623   4.958
   7.433 -24.256   7.166
  10.235 -21.742   7.000
  13.905 -21.065   7.191
 continue
       76500
 -20.120 -33.381  -3.056
 -16.385 -32.981  -3.264
 -13.081 -34.229  -1.939
 -10.244 -33.265   0.389
  -7.175 -31.066   0.546
  -3.444 -30.868   1.311
  -1.110 -29.811   4.002
   1.582 -27.181   4.255
   5.368 -26.928   4.686
   8.146 -25.122   6.462
  10.655 -22.393   5.645
  13.885 -21.306   7.213
 continue
       77000
 -19.857 -35.793  -2.894
 -16.285 -34.962  -3.241
 -12.964 -35.322  -1.629
 -10.546 -32.994  -0.109
  -7.127 -31.331  -0.070
  -3.505 -31.514   0.943
  -1.104 -29.760   3.220
   1.774 -27.288   3.346
   5.510 -27.148   3.898
   8.144 -25.905   6.262
  10.883 -23.317   6.720
  14.418 -22.396   5.817
 continue
       77500
 -19.461 -38.655  -2.444
 -16.130 -36.994  -3.233
 -12.661 -35.879  -1.915
 -10.643 -33.283  -0.009
  -7.413 -31.432  -0.345
  -3.801 -31.644   0.848
  -1.066 -29.684   2.519
   1.982 -27.412   2.534
   5.724 -27.198   2.736
   8.595 -26.769   5.131
  11.223 -24.199   6.072
  14.985 -23.989   6.144
 continue
       78000
 -18.700 -40.698  -2.035
 -15.947 -38.226  -2.870
 -12.358 -37.278  -1.995
 -10.412 -34.761  -0.010
  -7.775 -32.102  -0.108
  -4.030 -31.365  -0.439
  -1.016 -30.014   1.528
   2.097 -27.758   1.574
   5.710 -28.050   2.532
   8.302 -26.603   4.757
  11.606 -24.816   5.428
  15.316 -25.435   5.420
 continue
       78500
 -18.663 -41.927  -1.384
 -15.726 -39.744  -2.411
 -12.218 -38.335  -1.695
 -10.101 -35.459  -0.651
  -7.000 -33.460  -1.417
  -3.506 -32.787  -0.248
  -1.438 -30.455   1.826
   1.666 -28.281   1.606
   5.388 -27.677   1.486
   8.585 -27.748   3.475
  11.519 -25.662   4.877
  15.357 -25.569   4.489
 continue
       79000
 -18.906 -42.169  -1.732
 -15.436 -41.104  -2.571
 -12.262 -39.989  -0.907
 -10.108 -37.058   0.048
  -7.453 -34.522  -0.832
  -3.705 -33.620  -1.060
  -0.840 -32.088   0.906
   1.896 -29.377   0.974
   5.689 -29.291   0.966
   8.593 -28.230   3.095
  11.307 -25.687   3.785
  14.901 -24.447   3.635
 continue
       79500
 -19.247 -43.477  -1.832
 -16.291 -41.160  -2.207
 -12.568 -40.596  -1.378
  -9.887 -38.160  -0.028
  -6.800 -36.160  -1.101
  -3.189 -35.873  -0.157
  -0.399 -33.721   1.252
   2.203 -31.047   0.562
   5.834 -30.088   0.460
   8.513 -28.342   2.324
  10.607 -25.185   2.490
  14.104 -23.974   2.328
 continue
       80000
 -19.029 -42.557  -0.614
 -15.885 -42.037  -2.576
 -12.087 -42.393  -2.255
  -9.672 -40.128  -0.440
  -6.734 -37.803  -0.747
  -2.990 -37.111  -0.611
  -0.567 -34.855   1.160
   1.829 -31.924   0.836
   5.457 -30.967   0.767
   8.084 -28.677   2.224
  10.032 -25.521   1.583
  13.237 -24.295   0.005
 continue
       80500
 -19.326 -44.200  -1.404
 -15.930 -42.872  -2.359
 -12.320 -42.961  -1.346
  -9.475 -40.933   0.041
  -6.363 -38.871  -0.879
  -2.604 -38.419  -0.392
   0.067 -36.203   1.106
   1.584 -32.756   0.579
   4.706 -31.004  -0.534
   7.818 -29.577   0.811
   9.514 -26.291   0.807
  12.696 -24.962  -0.480
 continue
       81000
 -18.875 -45.919  -1.136
 -15.548 -44.747  -2.545
 -12.121 -44.132  -0.963
 -10.151 -41.212   0.371
  -7.363 -38.961  -0.700
  -3.633 -38.552  -0.536
  -0.624 -36.627   0.552
   1.793 -33.918  -0.352
   5.377 -33.008  -1.241
   8.205 -30.929   0.125
   9.534 -27.327  -0.115
  12.078 -24.683  -1.246
 continue
       81500
 -18.638 -48.309  -0.370
 -15.862 -45.991  -1.270
 -12.362 -44.969  -0.625
  -9.945 -42.283   0.111
  -7.387 -40.024  -1.381
  -3.728 -39.020  -1.176
  -1.145 -36.416  -0.080
   1.506 -33.876  -1.190
   5.198 -33.554  -1.437
   7.980 -31.427  -0.051
   9.651 -28.182  -0.862
  12.647 -26.664  -2.534
 continue
       82000
 -18.196 -49.535   1.266
 -15.606 -47.323  -0.429
 -11.914 -46.383  -0.652
  -9.800 -43.228  -0.234
  -7.298 -41.007  -2.019
  -3.741 -39.873  -1.731
  -1.632 -37.069  -0.377
   0.545 -34.317  -1.628
   4.295 -33.546  -1.963
   6.862 -30.739  -1.284
  10.139 -29.318  -2.773
  13.789 -29.025  -1.798
 continue
       82500
 -17.486 -50.713   1.673
 -14.694 -49.196  -0.286
 -11.550 -47.341   0.083
  -9.967 -43.943  -0.076
  -7.382 -41.775  -1.753
  -4.015 -40.160  -1.314
  -2.333 -36.925  -1.974
   0.744 -35.493  -3.503
   4.252 -34.751  -2.361
   6.930 -32.279  -1.547
   9.772 -30.260  -2.724
  13.432 -29.531  -2.744
 continue
       83000
 -16.464 -52.620   0.691
 -13.535 -50.261   0.979
 -12.103 -46.830   1.475
 -10.391 -43.915  -0.245
  -7.230 -43.093  -2.264
  -3.824 -41.676  -1.531
  -2.004 -38.411  -1.644
   0.816 -36.800  -3.537
   4.480 -35.958  -3.501
   6.754 -33.073  -2.445
   9.196 -30.441  -3.450
  12.882 -29.762  -3.491
 continue
       83500
 -16.012 -54.043   0.780
 -13.337 -51.338   0.975
 -12.677 -47.574   1.077
 -10.232 -44.875  -0.153
  -7.085 -44.247  -2.173
  -3.614 -42.967  -1.532
  -1.519 -39.785  -1.904
   1.218 -38.096  -3.761
   4.640 -36.559  -3.075
   6.519 -33.254  -2.822
   9.029 -31.183  -4.800
  12.521 -29.736  -5.103
 continue
       84000
 -15.158 -55.043  -0.121
 -13.016 -52.251   1.374
 -12.396 -48.613   1.167
 -10.084 -46.323  -0.664
  -6.551 -45.513  -1.409
  -3.762 -43.032  -0.683
  -1.695 -40.052  -1.954
   1.614 -39.269  -3.656
   4.726 -37.339  -3.178
   6.255 -33.986  -3.959
   8.739 -32.273  -6.107
  11.657 -29.939  -6.450
 continue
       84500
 -16.267 -55.711   0.403
 -12.755 -54.105   0.701
 -11.254 -50.580   0.956
  -8.736 -48.298  -0.663
  -5.400 -46.577  -0.291
  -3.845 -43.203  -0.667
  -1.804 -40.643  -2.547
   1.613 -39.528  -3.232
   3.926 -36.618  -3.428
   5.389 -33.806  -5.482
   8.513 -33.030  -7.455
  11.935 -31.215  -7.147
 continue
       85000
 -16.283 -55.894   1.012
 -12.516 -55.174   0.830
 -10.113 -52.395   1.164
  -7.993 -49.899  -0.704
  -4.783 -47.935  -1.167
  -3.547 -44.296  -0.801
  -2.001 -41.264  -2.760
   1.354 -39.507  -3.080
   3.068 -36.386  -4.344
   5.323 -35.209  -7.126
   8.858 -34.076  -7.482
  11.198 -31.107  -7.688
 continue
       85500
 -14.612 -58.359   1.225
 -12.345 -55.444   2.200
 -10.977 -52.248   0.842
  -8.238 -50.567  -1.171
  -5.077 -48.605  -0.938
  -3.413 -45.298  -1.324
  -1.209 -43.200  -3.518
   1.943 -41.308  -3.863
   3.533 -37.981  -4.606
   5.524 -35.813  -7.129
   8.711 -33.849  -7.647
   9.965 -30.437  -8.841
 continue
       86000
 -13.163 -59.453   2.382
 -11.641 -56.039   2.263
 -10.404 -53.193   0.260
  -7.190 -51.540  -0.828
  -5.288 -48.243  -0.688
  -3.759 -45.706  -2.963
  -0.357 -44.918  -4.602
   2.921 -43.149  -4.367
   4.461 -39.673  -4.691
   4.801 -36.505  -6.811
   6.830 -34.220  -8.843
   9.116 -31.404  -8.057
 continue
       86500
 -12.857 -59.793   3.755
 -10.985 -56.559   2.813
  -9.637 -54.796  -0.218
  -6.415 -53.284  -1.715
  -4.237 -50.149  -1.368
  -3.076 -47.077  -3.268
  -0.372 -45.548  -5.316
   2.803 -43.687  -4.874
   4.385 -40.259  -4.500
   4.726 -37.004  -6.580
   6.736 -34.819  -8.855
   8.220 -31.433  -9.392
 continue
       87000
 -12.536 -60.460   3.541
 -10.294 -57.480   2.914
  -9.201 -55.234   0.209
  -6.387 -54.169  -2.002
  -2.993 -52.453  -2.268
  -1.272 -49.078  -2.520
   0.168 -46.708  -5.095
   2.634 -43.994  -5.472
   3.015 -40.212  -5.704
   3.815 -37.294  -8.089
   6.803 -35.334  -9.285
   8.401 -31.878  -9.565
 continue
       87500
 -13.206 -61.149   2.921
  -9.803 -59.814   1.917
  -7.809 -56.751   1.323
  -5.672 -54.922  -1.131
  -2.597 -52.935  -1.921
  -1.735 -49.441  -2.933
  -0.407 -47.001  -5.555
   2.337 -44.674  -6.673
   3.387 -41.008  -6.926
   4.541 -38.321  -9.434
   7.110 -35.588  -9.767
   7.514 -31.836  -9.683
 continue
       88000
 -11.863 -62.878   2.481
  -8.864 -61.099   0.934
  -6.963 -57.850   1.320
  -5.912 -54.685  -0.486
  -3.220 -52.737  -2.121
  -2.196 -49.406  -3.470
  -0.446 -47.476  -6.194
   2.756 -45.678  -6.966
   3.812 -42.028  -7.119
   3.930 -38.713  -9.110
   6.263 -36.479 -11.036
   7.681 -33.018 -10.825
 continue
       88500
 -10.106 -64.645   1.537
  -7.646 -61.765   1.802
  -6.989 -58.231   0.716
  -5.910 -56.128  -2.203
  -3.154 -53.825  -3.457
  -1.311 -50.562  -2.832
  -1.136 -47.073  -4.420
   0.802 -45.093  -6.955
   3.326 -42.447  -7.750
   3.733 -39.301  -9.682
   5.964 -37.398 -11.961
   8.342 -34.578 -12.468
 continue
       89000
  -9.046 -65.672   1.709
  -6.257 -63.175   0.931
  -6.213 -59.510  -0.174
  -5.165 -56.826  -2.700
  -2.522 -54.116  -3.327
  -2.166 -50.335  -2.964
  -1.891 -47.210  -5.020
   0.364 -45.500  -7.477
   2.984 -42.876  -7.924
   3.670 -39.466  -9.411
   5.132 -37.485 -12.339
   8.414 -37.110 -14.331
 continue
       89500
  -7.495 -66.950   0.451
  -5.486 -63.843  -0.155
  -5.145 -60.231   0.699
  -5.610 -57.010  -1.070
  -3.697 -54.502  -3.130
  -2.132 -51.030  -3.646
  -1.816 -48.153  -6.146
   0.972 -46.153  -7.816
   2.848 -42.904  -8.268
   3.109 -39.905 -10.503
   4.912 -38.660 -13.609
   7.797 -36.618 -14.991
 continue
       90000
  -6.533 -67.770   0.707
  -4.884 -64.501  -0.251
  -5.150 -60.703   0.212
  -5.254 -57.578  -1.802
  -3.130 -55.125  -3.555
  -1.852 -51.651  -3.758
  -1.556 -48.422  -5.634
   0.146 -46.814  -8.603
   2.419 -43.965  -9.553
   2.816 -41.085 -12.015
   5.348 -39.203 -14.210
   6.290 -35.663 -15.031
 continue
       90500
  -7.182 -67.873   1.126
  -4.871 -64.935   0.670
  -4.578 -61.232  -0.210
  -3.542 -58.951  -2.979
  -1.515 -55.920  -3.838
  -2.029 -52.259  -4.947
  -1.284 -50.012  -7.913
   0.951 -47.427  -9.649
   1.618 -43.706  -9.745
   1.237 -40.594 -11.820
   3.318 -39.167 -14.623
   6.291 -37.038 -15.196
 continue
       91000
  -6.133 -67.778   2.346
  -4.857 -64.474   0.993
  -5.342 -61.860  -1.704
  -3.294 -60.141  -4.263
  -1.065 -57.123  -4.861
  -1.113 -53.434  -5.737
  -0.370 -51.135  -8.502
   1.241 -47.933  -9.473
   0.800 -44.310 -10.256
   0.321 -41.698 -12.837
   1.980 -39.025 -15.021
   5.191 -37.106 -15.360
 continue
       91500
  -5.546 -68.115   2.542
  -4.605 -64.730   1.232
  -4.847 -62.420  -1.782
  -2.834 -60.692  -4.371
  -1.109 -57.360  -4.762
  -1.376 -54.112  -6.748
  -0.581 -52.071  -9.741
   1.127 -48.818 -10.582
   0.286 -45.235 -11.125
   0.041 -42.714 -13.894
   1.491 -39.675 -15.708
   3.485 -36.467 -15.195
 continue
       92000
  -5.148 -69.043   1.952
  -3.675 -65.635   1.446
  -3.831 -62.755  -1.087
  -2.464 -60.810  -3.993
  -1.358 -57.437  -5.161
  -2.477 -54.689  -7.571
  -1.658 -52.864 -10.782
   0.358 -49.710 -11.479
  -0.412 -46.207 -12.693
   0.800 -43.594 -15.129
   1.991 -39.960 -15.144
   1.435 -36.547 -16.465
 continue
       92500
  -3.154 -69.720   2.216
  -2.978 -66.132   0.943
  -4.464 -63.608  -1.597
  -3.317 -61.525  -4.503
  -2.491 -58.003  -5.465
  -2.793 -55.094  -7.839
  -0.949 -53.214 -10.504
  -0.094 -49.665 -11.411
  -0.641 -46.855 -13.814
   1.168 -44.278 -15.826
   1.085 -40.471 -15.714
   0.305 -37.585 -17.885
 continue
       93000
  -2.571 -69.594   2.222
  -3.755 -66.577   0.366
  -3.474 -64.955  -3.015
  -2.204 -61.825  -4.467
  -3.077 -58.267  -5.403
  -3.271 -55.886  -8.437
  -0.998 -53.753 -10.523
   0.056 -50.118 -11.107
  -1.198 -47.009 -12.825
  -1.112 -44.764 -15.844
   0.813 -42.016 -17.615
   0.079 -38.669 -19.218
 continue
       93500
  -3.577 -70.376   2.030
  -3.948 -67.559  -0.475
  -2.604 -65.777  -3.582
  -0.954 -62.618  -4.803
  -1.908 -58.888  -5.134
  -2.717 -56.313  -7.865
  -1.436 -53.819 -10.353
  -1.655 -50.277 -11.571
  -3.022 -47.656 -13.919
  -1.785 -45.967 -16.987
   0.293 -42.954 -18.125
   0.153 -39.848 -20.233
 continue
       94000
  -3.237 -71.983   0.459
  -3.622 -68.348  -0.097
  -3.016 -66.137  -3.074
  -1.401 -62.983  -4.311
  -1.923 -59.396  -5.301
  -2.835 -57.112  -8.240
  -1.441 -54.453 -10.463
  -2.077 -51.048 -11.960
  -2.562 -49.269 -15.225
  -1.079 -46.829 -17.619
  -0.755 -43.266 -18.716
  -1.520 -40.689 -21.198
 continue
       94500
  -1.797 -72.547   0.086
  -3.282 -69.091  -0.159
  -4.054 -66.212  -2.620
  -2.339 -63.436  -4.517
  -3.069 -60.138  -6.166
  -2.746 -58.341  -9.456
  -1.030 -55.463 -11.110
  -1.723 -51.859 -12.157
  -1.908 -49.702 -15.289
  -0.349 -46.942 -17.465
  -2.009 -43.863 -18.966
  -3.411 -42.736 -22.223
 continue
       95000
  -2.346 -72.264   1.468
  -3.493 -69.845  -1.161
  -2.613 -67.800  -4.143
  -1.989 -64.301  -5.051
  -3.461 -61.109  -6.422
  -2.889 -58.895  -9.447
  -1.563 -55.718 -10.915
  -2.508 -52.706 -12.936
  -2.091 -50.961 -16.247
  -1.340 -47.640 -17.794
  -2.847 -44.661 -19.542
  -3.364 -42.985 -22.788
 continue
       95500
  -3.806 -72.338   1.543
  -3.326 -70.251  -1.583
  -1.152 -68.095  -3.770
  -1.343 -64.573  -5.068
  -2.863 -62.427  -7.866
  -2.157 -60.009 -10.824
  -2.489 -56.380 -11.503
  -4.357 -53.715 -13.322
  -4.071 -51.670 -16.478
  -2.633 -48.654 -18.306
  -3.485 -45.251 -19.768
  -2.319 -43.279 -22.781
 continue
       96000
  -2.937 -73.099   1.672
  -2.668 -71.322  -1.646
  -1.779 -68.133  -3.448
  -3.099 -65.232  -5.389
  -3.571 -63.636  -8.786
  -2.427 -60.820 -10.944
  -3.268 -57.245 -11.848
  -4.137 -54.744 -14.512
  -3.123 -52.497 -17.368
  -2.753 -48.851 -18.307
  -4.356 -45.944 -20.082
  -4.000 -43.452 -22.798
 continue
       96500
  -1.806 -73.595   1.123
  -2.829 -71.971  -2.169
  -2.357 -68.541  -3.769
  -4.123 -65.802  -5.675
  -4.372 -64.218  -9.019
  -3.099 -61.099 -10.770
  -3.820 -57.867 -12.665
  -3.300 -56.134 -15.997
  -2.132 -52.704 -17.196
  -3.622 -49.225 -17.711
  -5.384 -47.250 -20.370
  -5.186 -44.661 -23.038
 continue
       97000
  -3.489 -74.352   0.731
  -2.103 -72.512  -2.365
  -1.879 -69.094  -3.918
  -3.781 -66.802  -6.182
  -3.238 -64.953  -9.417
  -2.705 -61.471 -10.871
  -4.035 -58.327 -12.421
  -4.718 -56.530 -15.627
  -3.967 -53.490 -17.612
  -5.461 -50.138 -18.495
  -5.826 -47.913 -21.523
  -4.635 -44.810 -23.306
 continue
       97500
  -4.265 -75.014  -0.203
  -2.211 -73.297  -2.925
  -1.846 -69.788  -4.174
  -3.150 -67.231  -6.462
  -2.492 -65.051  -9.522
  -2.780 -61.390 -10.615
  -5.057 -58.794 -12.212
  -5.491 -57.319 -15.550
  -4.810 -54.359 -17.698
  -6.351 -51.235 -19.129
  -6.195 -49.010 -22.167
  -4.672 -45.836 -23.668
 continue
       98000
  -2.560 -76.711  -0.743
  -2.666 -73.990  -3.481
  -2.785 -70.266  -3.997
  -4.327 -67.469  -6.012
  -3.835 -65.385  -9.077
  -3.259 -62.012 -10.748
  -4.984 -59.562 -13.055
  -4.356 -57.569 -16.153
  -4.083 -54.051 -17.523
  -6.068 -51.260 -19.253
  -6.876 -49.997 -22.729
  -6.506 -47.130 -25.147
 continue
       98500
  -2.488 -76.906  -1.038
  -2.089 -74.224  -3.680
  -3.064 -70.719  -4.654
  -5.142 -68.385  -6.810
  -4.676 -66.368  -9.974
  -3.432 -62.998 -11.093
  -4.572 -59.639 -12.556
  -4.893 -57.753 -15.808
  -4.415 -54.359 -17.469
  -6.401 -52.027 -19.812
  -6.858 -51.143 -23.403
  -7.828 -48.486 -25.779
 continue
       99000
  -3.993 -77.339  -1.356
  -2.512 -74.945  -3.837
  -2.170 -71.373  -4.775
  -3.724 -68.981  -7.213
  -3.229 -66.293  -9.856
  -4.055 -62.771 -10.867
  -6.130 -60.629 -13.138
  -6.002 -59.030 -16.469
  -5.441 -55.838 -18.436
  -7.304 -53.509 -20.858
  -7.666 -51.631 -24.066
  -7.619 -48.092 -25.379
 continue
       99500
  -3.804 -78.152  -2.058
  -2.375 -75.123  -3.889
  -2.604 -71.487  -4.360
  -4.076 -69.040  -6.909
  -3.293 -66.894 -10.012
  -4.269 -63.574 -11.625
  -5.661 -62.395 -14.900
  -5.462 -59.605 -17.395
  -7.185 -56.411 -18.450
  -8.519 -54.329 -21.323
  -7.608 -52.053 -24.184
  -7.791 -48.378 -25.060
 continue
      100000
  -2.335 -78.070  -1.072
  -2.188 -75.343  -3.684
  -3.907 -72.398  -5.309
  -4.752 -70.802  -8.619
  -4.037 -67.683 -10.625
  -4.984 -64.195 -11.591
  -6.165 -62.296 -14.661
  -5.397 -60.221 -17.614
  -5.954 -56.798 -19.119
  -7.859 -54.832 -21.711
  -7.693 -52.095 -24.221
  -9.693 -49.290 -25.710
 end
      100000
  -2.335 -78.070  -1.072
  -2.188 -75.343  -3.684
  -3.907 -72.398  -5.309
  -4.752 -70.802  -8.619
  -4.037 -67.683 -10.625
  -4.984 -64.195 -11.591
  -6.165 -62.296 -14.661
  -5.397 -60.221 -17.614
  -5.954 -56.798 -19.119
  -7.859 -54.832 -21.711
  -7.693 -52.095 -24.221
  -9.693 -49.290 -25.710
