          11 Hookean bonded pairs.
    1    1    2   3.772 100.000
    2    2    3   3.772 100.000
    3    3    4   3.772 100.000
    4    4    5   3.772 100.000
    5    5    6   3.789 100.000
    6    6    7   3.806 100.000
    7    7    8   3.773 100.000
    8    8    9   3.771 100.000
    9    9   10   3.773 100.000
   10   10   11   3.771 100.000
   11   11   12   3.772 100.000
          10 bond angle trios.
    1    1    2    3   2.505  20.000
    2    2    3    4   2.505  20.000
    3    3    4    5   2.504  20.000
    4    4    5    6   2.514  20.000
    5    5    6    7   1.687  20.000
    6    6    7    8   2.507  20.000
    7    7    8    9   2.505  20.000
    8    8    9   10   2.505  20.000
    9    9   10   11   2.505  20.000
   10   10   11   12   2.504  20.000
           9 dihedral quartets.
    1    1    2    3    4   4.405   1.000   0.000   0.000
    2    2    3    4    5   4.405   1.000   0.000   0.000
    3    3    4    5    6   4.395   1.000   0.000   0.000
    4    4    5    6    7   0.160   1.000   0.000   0.000
    5    5    6    7    8   4.615   1.000   0.000   0.000
    6    6    7    8    9   4.401   1.000   0.000   0.000
    7    7    8    9   10   4.406   1.000   0.000   0.000
    8    8    9   10   11   4.405   1.000   0.000   0.000
    9    9   10   11   12   4.404   1.000   0.000   0.000
           0 contacts.
          36 repulsive pairs.
       1    1    5    16.000     1.000
       2    1    6    16.000     1.000
       3    1    7    16.000     1.000
       4    1    8    16.000     1.000
       5    1    9    16.000     1.000
       6    1   10    16.000     1.000
       7    1   11    16.000     1.000
       8    1   12    16.000     1.000
       9    2    6    16.000     1.000
      10    2    7    16.000     1.000
      11    2    8    16.000     1.000
      12    2    9    16.000     1.000
      13    2   10    16.000     1.000
      14    2   11    16.000     1.000
      15    2   12    16.000     1.000
      16    3    7    16.000     1.000
      17    3    8    16.000     1.000
      18    3    9    16.000     1.000
      19    3   10    16.000     1.000
      20    3   11    16.000     1.000
      21    3   12    16.000     1.000
      22    4    8    16.000     1.000
      23    4    9    16.000     1.000
      24    4   10    16.000     1.000
      25    4   11    16.000     1.000
      26    4   12    16.000     1.000
      27    5    9    16.000     1.000
      28    5   10    16.000     1.000
      29    5   11    16.000     1.000
      30    5   12    16.000     1.000
      31    6   10    16.000     1.000
      32    6   11    16.000     1.000
      33    6   12    16.000     1.000
      34    7   11    16.000     1.000
      35    7   12    16.000     1.000
      36    8   12    16.000     1.000
           4 electrostatic residues.
       1    2  -1.000
       2    3  -1.000
       3    8   1.000
       4   11   1.000
          12 atom positions.
           1 chains.
          12 is the size of chain           1.
    1   1 CA ALA  -0.001   0.064  -0.491   1.000
    2   2 CA ASP   3.700   0.321   0.192   1.000
    3   3 CA GLU   6.266   0.577   2.945   1.000
    4   4 CA ALA   8.689   2.931   4.622   1.000
    5   5 CA LEU  12.354   3.729   5.025   1.000
    6   6 CA PRO  15.270   3.618   7.442   1.000
    7   7 CA PHE  13.534   1.559  10.131   1.000
    8   8 CA LYS  11.602   1.792  13.363   1.000
    9   9 CA THR  11.826   1.189  17.079   1.000
   10  10 CA ILE  10.658  -1.076  19.861   1.000
   11  11 CA ARG   8.368  -1.273  22.851   1.000
   12  12 CA ALA   8.306  -1.343  26.622   1.000
