  # There has been      100000 steps
 # The current temp is  0.314260066    
 # Number of atoms
          12
 # X(i)Y(i)Z(i)
    1   1 CA ALA  72.086  -4.868  -3.619   1.000
    2   2 CA ASP  72.758  -7.714  -5.958   1.000
    3   3 CA GLU  71.594 -11.016  -7.463   1.000
    4   4 CA ALA  72.118 -14.820  -7.483   1.000
    5   5 CA LEU  73.654 -17.591  -9.582   1.000
    6   6 CA PRO  73.100 -20.562 -11.897   1.000
    7   7 CA PHE  69.534 -19.477 -12.708   1.000
    8   8 CA LYS  65.918 -20.036 -11.650   1.000
    9   9 CA THR  62.707 -21.665 -12.556   1.000
   10  10 CA ILE  59.106 -21.201 -13.651   1.000
   11  11 CA ARG  55.442 -20.984 -12.639   1.000
   12  12 CA ALA  52.547 -23.207 -12.084   1.000
    1  -0.592  -0.971  -0.682
    2  -0.221  -0.380  -0.130
    3   0.864   0.191  -0.126
    4   0.273  -0.754   0.063
    5   0.188   0.849   0.171
    6   0.133   0.072   0.101
    7   0.558   0.581  -1.258
    8   0.238  -0.217  -0.269
    9   0.406   0.550   0.180
   10   0.237  -0.435  -0.253
   11  -0.302  -0.655   0.263
   12   1.177   0.019   0.026
           1
          12
