  # There has been      100000 steps
 # The current temp is  0.319919765    
 # Number of atoms
          12
 # X(i)Y(i)Z(i)
    1   1 CA ALA  -8.216  92.625  61.568   1.000
    2   2 CA ASP -11.074  94.016  63.584   1.000
    3   3 CA GLU -12.637  93.217  66.894   1.000
    4   4 CA ALA -14.773  94.622  69.719   1.000
    5   5 CA LEU -15.142  95.542  73.299   1.000
    6   6 CA PRO -15.970  94.282  76.848   1.000
    7   7 CA PHE -15.714  90.608  76.001   1.000
    8   8 CA LYS -17.906  87.630  75.139   1.000
    9   9 CA THR -18.882  84.063  76.210   1.000
   10  10 CA ILE -18.740  80.340  75.714   1.000
   11  11 CA ARG -20.281  77.484  73.685   1.000
   12  12 CA ALA -22.070  74.234  74.017   1.000
    1  -0.095  -0.121   1.399
    2  -0.763   0.755   0.121
    3  -0.300  -0.506   0.229
    4   0.333  -0.671  -0.618
    5   0.452   1.345   0.418
    6   0.018   0.389   0.783
    7  -0.018   0.403  -0.022
    8   0.594   0.577   0.181
    9   0.021   0.271  -0.121
   10  -0.782  -0.042   0.351
   11  -0.310   0.419   0.299
   12  -0.153  -0.246   0.058
           1
          12
