           1
          12
    1 CA ALA
    2 CA ASP
    3 CA GLU
    4 CA ALA
    5 CA LEU
    6 CA PRO
    7 CA PHE
    8 CA LYS
    9 CA THR
   10 CA ILE
   11 CA ARG
   12 CA ALA
          12
         500
   1.105  -0.509  -1.386
   4.618   0.496  -0.469
   7.087   0.851   2.322
   9.191   3.259   4.358
  12.676   4.453   5.135
  15.448   4.791   7.726
  13.838   2.273  10.148
  11.551   1.814  13.128
  11.342   1.982  16.871
  11.486   0.079  20.129
   9.281  -1.366  22.836
   8.541  -1.030  26.493
 continue
        1000
   2.192  -0.572  -2.351
   5.631   0.156  -0.996
   7.666   0.779   2.141
   9.323   3.333   4.314
  12.624   5.092   4.918
  15.307   5.786   7.482
  13.926   3.450  10.113
  11.855   3.145  13.267
  12.214   2.440  16.999
  11.482  -0.150  19.618
   9.174  -0.907  22.504
   8.898  -0.697  26.270
 continue
        1500
   3.289  -1.635  -2.500
   6.388   0.222  -1.322
   8.273   1.195   1.798
   9.547   4.142   3.815
  12.700   6.006   4.649
  15.278   6.550   7.373
  13.938   4.082   9.886
  12.263   3.910  13.241
  12.645   2.682  16.750
  11.138   0.416  19.366
   9.103   0.091  22.520
   9.065  -0.927  26.159
 continue
        2000
   3.913  -1.545  -2.231
   7.301  -0.086  -1.347
   9.284   1.103   1.660
  10.211   4.203   3.627
  13.074   6.467   4.573
  15.131   7.682   7.504
  14.004   4.804   9.793
  11.683   4.132  12.667
  11.554   3.663  16.406
  11.371   1.055  19.149
   9.434  -0.048  22.237
   9.583  -0.291  25.990
 continue
        2500
   5.072  -2.522  -2.535
   7.778  -0.184  -1.402
   9.399   1.318   1.664
  10.058   4.420   3.661
  12.725   6.949   4.575
  15.160   8.261   7.173
  14.403   5.616   9.761
  12.131   4.707  12.657
  11.887   4.567  16.425
  12.043   2.160  19.337
  10.094   0.027  21.731
   8.648  -0.098  25.227
 continue
        3000
   5.791  -2.807  -2.312
   8.642  -0.621  -1.177
  10.059   1.119   1.795
  10.357   4.431   3.587
  12.524   7.415   4.273
  14.504   9.365   6.880
  14.313   6.721   9.611
  12.422   5.513  12.651
  12.422   4.829  16.382
  12.220   2.115  18.971
   9.952   0.426  21.498
   8.669   0.626  25.036
 continue
        3500
   7.586  -3.805  -1.764
   9.495  -0.613  -1.079
  10.811   1.571   1.747
  10.646   4.990   3.336
  12.883   7.949   4.165
  14.649   9.806   6.957
  14.360   6.997   9.538
  12.074   5.838  12.346
  11.912   5.372  16.066
  11.986   2.688  18.769
   9.968   1.010  21.494
   9.974   0.589  25.246
 continue
        4000
   8.679  -3.776  -1.782
  11.075  -1.025  -0.796
  11.943   1.292   2.077
  11.352   4.798   3.402
  12.985   8.136   3.995
  14.077  10.322   6.890
  13.844   7.675   9.568
  11.794   6.275  12.349
  11.774   5.836  16.110
  12.391   3.410  18.889
  10.730   1.117  21.350
   9.943   0.619  25.004
 continue
        4500
  10.954  -4.234  -1.875
  12.138  -0.841  -0.735
  12.698   1.403   2.206
  11.487   4.645   3.700
  12.418   8.241   4.166
  13.708  10.715   6.707
  14.225   8.150   9.491
  12.428   6.414  12.349
  12.124   6.268  16.111
  12.763   4.042  19.130
  11.134   1.509  21.404
   9.762   0.824  24.881
 continue
        5000
  12.745  -4.404  -1.430
  13.786  -0.890  -0.724
  13.926   1.739   1.987
  12.299   4.905   3.152
  12.818   8.539   4.061
  13.284  11.016   6.867
  14.010   8.401   9.588
  12.361   6.436  12.351
  11.890   6.321  16.072
  12.799   4.229  19.073
  11.154   2.006  21.645
  10.390   1.732  25.323
 continue
        5500
  14.943  -4.246  -1.595
  15.285  -0.610  -0.623
  14.968   1.792   2.238
  12.894   4.773   3.404
  13.120   8.488   3.906
  13.358  11.193   6.564
  13.537   8.899   9.569
  11.766   7.123  12.386
  11.498   6.765  16.122
  12.482   4.734  19.079
  11.280   2.628  21.924
  10.942   2.439  25.659
 continue
        6000
  17.039  -3.896  -1.510
  16.949  -0.304  -0.378
  15.880   2.019   2.439
  13.329   4.700   3.294
  12.911   8.463   3.755
  12.620  11.205   6.343
  13.523   9.380   9.548
  12.085   7.405  12.462
  11.641   7.469  16.230
  12.934   5.873  19.436
  11.865   3.374  22.070
  10.126   3.195  25.419
 continue
        6500
  18.897  -3.467  -1.007
  18.098   0.095  -0.209
  17.156   2.663   2.408
  14.317   4.797   3.644
  12.980   8.281   3.862
  12.112  11.172   6.104
  13.504   9.920   9.433
  12.648   7.612  12.228
  11.412   7.413  15.745
  12.492   6.692  19.260
  11.899   4.378  22.184
  10.394   4.297  25.622
 continue
        7000
  20.698  -2.905  -0.045
  19.503   0.659   0.077
  18.195   3.244   2.378
  15.081   5.212   3.242
  13.602   8.653   3.399
  12.487  11.315   5.840
  13.302   9.413   9.049
  11.895   7.583  12.096
  11.213   8.018  15.790
  12.511   7.356  19.268
  12.062   5.117  22.281
  10.920   4.914  25.920
 continue
        7500
  22.164  -1.972   0.188
  21.020   1.511   0.820
  19.018   3.602   3.286
  15.622   5.104   3.753
  13.773   8.424   3.462
  12.214  11.220   5.480
  13.398   9.819   8.808
  12.192   8.079  11.924
  11.610   8.670  15.621
  12.940   7.509  18.939
  11.885   5.431  21.893
  11.251   5.682  25.599
 continue
        8000
  24.065  -0.995   1.361
  21.824   2.057   1.390
  19.525   4.127   3.513
  15.937   5.425   3.596
  13.866   8.541   3.245
  12.058  11.171   5.271
  13.622  10.354   8.628
  13.240   8.411  11.789
  12.020   8.583  15.299
  12.917   8.400  18.954
  12.723   6.333  22.064
  10.956   5.799  25.301
 continue
        8500
  25.281  -0.417   2.390
  22.963   2.530   1.947
  20.657   5.006   3.668
  17.028   6.084   3.939
  14.501   8.775   3.158
  12.054  11.198   4.735
  13.234  10.843   8.358
  12.888   8.674  11.463
  11.654   8.625  15.088
  12.601   9.151  18.730
  13.302   7.319  22.010
  11.799   6.498  25.407
 continue
        9000
  26.342   0.487   3.325
  24.201   3.513   2.746
  21.358   5.541   4.198
  17.667   6.209   4.162
  15.033   8.727   3.145
  12.424  11.141   4.383
  13.313  10.919   8.048
  12.623   9.037  11.238
  11.677   9.571  14.806
  13.120   9.699  18.257
  13.433   7.924  21.512
  12.284   8.023  25.103
 continue
        9500
  27.473   1.916   4.456
  24.971   4.596   3.624
  21.616   5.769   4.735
  17.953   5.908   3.748
  15.289   8.315   2.700
  12.918  10.965   4.019
  14.227  10.977   7.647
  13.665   9.701  11.148
  12.416  10.502  14.604
  13.550  10.694  18.184
  13.469   8.995  21.564
  12.048   9.220  25.027
 continue
       10000
  28.314   2.356   5.159
  25.864   5.018   4.152
  22.618   6.740   5.160
  18.901   6.463   4.622
  15.995   8.279   2.998
  13.095  10.607   3.668
  14.259  11.349   7.201
  14.329  10.084  10.791
  12.860  10.407  14.282
  13.524  11.604  17.840
  13.864  10.448  21.428
  12.269  10.654  24.885
 continue
       10500
  29.864   3.227   6.109
  26.901   4.799   4.366
  23.712   6.708   4.962
  19.936   6.823   4.630
  16.894   8.494   3.131
  13.746  10.442   3.853
  14.489  11.329   7.424
  14.030  10.248  10.954
  12.452  11.201  14.228
  13.179  12.823  17.517
  14.336  12.085  21.003
  13.188  11.654  24.532
 continue
       11000
  30.688   3.737   5.977
  27.590   5.449   4.680
  24.362   7.249   5.477
  20.574   6.986   5.293
  17.657   8.160   3.242
  14.240   9.818   3.557
  14.902  11.511   6.945
  14.889  10.801  10.670
  13.281  11.938  13.891
  14.033  13.657  17.227
  14.482  13.140  20.982
  12.688  13.397  24.287
 continue
       11500
  31.381   4.804   6.102
  28.149   6.131   4.698
  24.649   7.028   5.766
  21.049   6.459   4.963
  18.049   7.951   3.161
  14.916   9.924   3.797
  16.072  11.406   7.120
  15.694  11.138  10.880
  14.138  12.712  13.927
  14.616  14.615  17.091
  14.323  14.398  20.820
  12.249  15.503  23.805
 continue
       12000
  32.029   4.524   5.947
  29.015   6.393   4.633
  25.622   7.727   5.618
  21.933   6.875   5.445
  18.723   7.838   3.756
  15.437   9.715   4.078
  16.480  11.368   7.305
  15.790  11.439  10.984
  14.038  13.425  13.647
  14.698  15.459  16.717
  14.192  15.557  20.422
  12.766  17.598  23.273
 continue
       12500
  33.011   5.080   6.066
  29.724   6.051   4.481
  26.572   8.028   4.993
  22.881   7.720   5.721
  19.430   7.670   4.203
  16.059   9.362   4.500
  16.872  11.521   7.530
  16.123  12.075  11.167
  14.067  14.097  13.660
  14.317  16.958  16.235
  14.811  17.639  19.968
  13.125  18.587  23.168
 continue
       13000
  33.756   6.424   5.769
  30.155   6.559   4.747
  26.827   8.248   5.262
  23.306   7.737   6.294
  19.781   7.692   4.960
  16.404   9.424   4.894
  17.172  12.256   7.286
  17.243  13.011  10.976
  15.204  14.376  13.786
  14.675  17.423  15.888
  15.206  19.008  19.249
  13.291  20.115  22.318
 continue
       13500
  34.060   7.138   6.074
  30.731   8.324   4.612
  27.255   9.169   5.706
  23.818   7.624   6.196
  20.308   7.593   4.813
  16.761   8.966   5.261
  17.584  11.996   7.469
  17.657  13.110  11.121
  15.919  15.385  13.569
  16.011  18.623  15.407
  15.940  20.041  18.900
  13.596  21.398  21.564
 continue
       14000
  34.930   8.920   6.135
  31.376   8.517   4.947
  27.764   9.491   5.718
  24.411   8.180   6.794
  20.952   7.687   5.372
  17.551   9.329   4.923
  17.860  12.181   7.461
  17.212  13.303  10.974
  15.720  16.034  13.133
  16.618  19.105  15.255
  16.780  20.566  18.741
  15.468  23.214  21.021
 continue
       14500
  34.967   9.549   7.231
  31.799   9.577   5.152
  28.175  10.510   5.363
  24.849   9.187   6.427
  21.320   8.139   5.578
  17.685   9.046   5.899
  18.057  12.408   7.505
  18.416  14.060  10.810
  16.763  16.388  13.257
  17.164  19.923  14.529
  17.984  21.825  17.631
  16.194  23.590  20.434
 continue
       15000
  35.484  11.226   6.762
  31.971  10.200   5.792
  28.337  10.760   6.396
  25.058   9.126   7.291
  21.752   8.390   5.761
  18.080   9.465   5.568
  18.500  12.931   7.135
  19.179  14.745  10.424
  17.680  16.910  13.154
  17.209  20.446  14.273
  18.434  22.927  16.904
  17.595  25.014  19.985
 continue
       15500
  35.602  11.368   7.358
  32.252  11.233   5.663
  28.572  11.928   6.371
  25.474  10.096   7.385
  22.114   8.732   6.175
  18.385   9.488   6.328
  18.811  13.087   7.629
  19.300  15.409  10.602
  17.783  18.172  12.543
  17.965  21.733  13.737
  19.189  23.976  16.523
  18.188  26.076  19.459
 continue
       16000
  36.128  12.605   6.879
  32.674  11.180   6.091
  28.949  11.768   6.295
  25.675  10.581   7.829
  22.271   9.295   6.756
  18.688  10.571   6.649
  19.561  14.013   7.907
  19.512  16.108  10.988
  17.762  18.999  12.710
  18.746  22.541  13.483
  19.756  24.854  16.239
  18.431  27.793  18.132
 continue
       16500
  36.462  12.339   7.014
  33.043  11.518   5.650
  29.433  12.398   6.326
  26.288  10.876   7.728
  22.749   9.780   7.131
  19.097  10.776   7.567
  19.857  14.422   8.286
  20.450  17.005  10.985
  18.865  20.074  12.612
  18.790  23.882  13.101
  19.719  26.561  15.588
  18.239  29.169  17.980
 continue
       17000
  37.282  11.836   5.942
  33.533  11.438   5.724
  30.147  12.719   6.685
  27.069  12.060   8.636
  23.569  10.745   8.149
  19.914  11.511   8.061
  20.057  15.322   8.432
  20.582  18.071  10.913
  19.040  20.939  12.717
  19.072  24.668  12.919
  19.516  27.546  15.363
  18.055  30.489  17.149
 continue
       17500
  37.844  12.147   6.219
  34.190  11.382   5.786
  30.722  12.742   6.348
  27.658  12.038   8.468
  24.042  11.064   8.334
  20.493  12.436   9.058
  21.010  16.182   9.431
  20.865  18.969  12.049
  18.912  22.114  12.841
  19.280  25.883  12.524
  19.578  28.993  14.610
  17.458  31.329  16.653
 continue
       18000
  38.161  12.241   6.096
  34.406  11.747   6.076
  31.121  13.443   6.743
  28.324  13.339   9.233
  24.760  11.998   9.671
  21.087  12.847   9.681
  21.286  16.650   9.420
  21.778  19.755  11.524
  20.115  22.781  13.082
  19.390  26.407  12.705
  19.263  29.545  14.779
  17.276  32.707  15.377
 continue
       18500
  38.583  12.998   6.141
  34.866  12.540   6.131
  31.519  13.878   7.271
  28.884  13.128   9.828
  25.326  12.203  10.284
  21.820  13.557  10.824
  22.305  17.337  10.489
  22.108  20.680  12.166
  19.828  23.583  12.544
  19.413  27.287  11.935
  19.702  30.537  13.788
  17.692  33.293  15.445
 continue
       19000
  38.863  14.089   6.036
  35.337  13.135   7.127
  31.787  14.315   7.354
  29.132  14.889   9.997
  26.101  13.158  11.426
  22.381  13.695  11.623
  22.299  17.404  10.853
  22.502  20.877  12.275
  20.289  23.804  13.243
  19.753  27.334  12.008
  20.461  30.896  13.101
  18.500  33.972  13.917
 continue
       19500
  38.974  15.857   6.449
  35.488  14.559   6.738
  32.094  15.366   8.196
  29.864  14.357  10.988
  26.474  12.902  11.877
  22.973  13.846  12.998
  22.905  17.373  11.654
  23.141  21.129  12.316
  21.136  24.281  12.935
  19.856  27.607  11.793
  20.849  31.201  12.054
  19.613  34.624  13.042
 continue
       20000
  38.844  17.167   6.039
  35.479  15.951   7.248
  32.354  16.661   9.145
  30.236  15.565  12.074
  27.220  13.518  12.929
  23.472  13.789  13.523
  23.132  17.318  11.996
  23.754  20.975  12.648
  21.862  24.144  13.099
  21.148  27.400  11.384
  21.713  31.110  11.780
  20.013  34.474  11.934
 continue
       20500
  38.835  19.030   6.371
  36.231  16.773   7.924
  32.592  16.520   8.891
  30.535  16.055  12.013
  27.953  13.964  13.821
  24.386  14.348  14.958
  23.560  17.542  13.036
  23.593  21.251  13.540
  21.618  24.443  13.041
  21.443  27.439  10.677
  22.187  31.145  10.736
  20.721  34.370  12.040
 continue
       21000
  39.257  19.482   6.641
  36.864  17.172   8.364
  33.296  16.881   9.634
  31.403  16.729  12.887
  28.722  14.677  14.537
  25.046  14.461  15.443
  23.765  17.540  13.801
  24.039  21.270  13.381
  22.198  24.584  13.726
  20.987  27.559  11.749
  21.893  31.095  10.888
  21.040  34.780  10.740
 continue
       21500
  40.266  18.837   8.086
  36.769  17.349   8.383
  33.641  17.837  10.398
  32.064  16.939  13.761
  29.251  15.038  15.469
  25.560  15.037  16.322
  24.615  18.127  14.227
  24.984  21.888  13.746
  23.053  25.098  13.871
  21.136  27.489  11.700
  21.465  31.084  10.530
  19.887  34.458  10.739
 continue
       22000
  41.040  18.537   8.222
  38.116  17.051   9.967
  34.634  17.461  11.415
  32.782  17.501  14.649
  29.988  15.585  16.270
  26.212  15.825  16.747
  25.657  19.011  14.641
  24.723  22.691  14.663
  22.072  25.173  13.777
  21.295  27.894  11.316
  21.299  31.584  10.730
  18.805  34.426  10.823
 continue
       22500
  42.471  18.207   9.482
  39.420  16.715  11.188
  35.777  17.271  11.748
  33.202  18.198  14.381
  30.619  16.805  16.816
  26.960  16.892  17.799
  25.530  19.446  15.404
  25.163  23.110  14.675
  22.483  25.752  14.072
  21.302  28.354  11.656
  20.587  32.028  11.513
  17.797  34.466  10.686
 continue
       23000
  43.640  17.787  10.617
  40.240  16.822  11.873
  36.698  17.993  12.648
  34.314  18.619  15.549
  31.222  17.305  17.210
  27.594  17.940  18.114
  26.588  20.468  15.489
  25.900  24.098  14.769
  22.980  26.496  14.504
  20.291  28.367  12.488
  19.687  31.806  11.040
  17.519  34.862  11.004
 continue
       23500
  44.033  17.930  11.697
  40.555  17.372  13.028
  37.007  18.715  13.245
  34.512  19.875  15.776
  31.803  18.528  18.037
  28.115  18.640  18.741
  27.288  21.065  15.930
  26.135  24.607  15.428
  23.084  26.685  14.818
  21.340  28.539  12.124
  20.140  32.011  11.339
  17.057  34.131  11.349
 continue
       24000
  44.207  19.363  11.850
  41.075  18.189  13.655
  37.486  19.141  14.108
  35.137  20.140  16.903
  32.371  19.051  19.201
  28.674  19.499  20.049
  27.759  21.533  16.929
  26.265  24.930  15.970
  23.050  26.541  14.753
  21.614  28.914  12.183
  20.130  32.372  11.789
  17.189  34.603  10.710
 continue
       24500
  44.277  20.434  11.938
  41.315  19.875  14.195
  37.582  20.035  14.942
  35.109  21.035  17.581
  32.543  19.670  20.014
  28.903  19.862  21.079
  27.890  21.932  17.995
  26.770  25.338  16.944
  23.758  27.306  15.843
  21.846  28.800  12.953
  21.103  32.119  11.345
  18.371  34.332   9.993
 continue
       25000
  43.899  22.285  12.429
  41.139  20.662  14.491
  37.464  20.886  15.313
  35.076  21.560  18.170
  32.759  20.193  20.861
  29.317  20.887  22.244
  27.961  22.392  19.086
  27.342  25.490  17.080
  24.384  27.595  16.142
  22.302  28.683  13.197
  21.971  31.411  10.641
  20.128  34.613  10.086
 continue
       25500
  43.262  22.510  11.933
  40.954  21.577  14.748
  37.509  22.145  16.235
  35.553  22.970  19.373
  33.385  21.192  21.828
  29.687  20.875  22.804
  28.360  22.198  19.528
  27.526  25.409  17.674
  24.677  27.510  16.255
  23.238  28.881  13.053
  23.395  32.073  10.985
  21.152  34.425   9.071
 continue
       26000
  43.429  23.769  12.931
  40.774  21.760  14.698
  37.487  22.077  16.424
  36.039  22.742  19.777
  33.786  21.459  22.571
  30.254  21.710  23.783
  28.953  23.080  20.453
  27.830  26.007  18.377
  25.328  27.429  15.997
  24.660  28.842  12.570
  24.028  31.990  10.650
  21.446  34.089   8.941
 continue
       26500
  43.793  22.795  12.561
  41.888  22.340  15.772
  38.421  22.223  17.275
  36.191  23.426  20.106
  33.917  22.354  22.868
  30.251  21.781  23.821
  29.057  23.120  20.422
  28.600  26.306  18.454
  25.986  28.653  17.028
  24.401  29.014  13.626
  24.273  31.034  10.469
  22.164  33.676   8.748
 continue
       27000
  45.144  23.013  13.877
  42.428  21.338  15.939
  38.952  21.812  17.321
  37.122  23.282  20.276
  34.702  22.561  23.083
  31.290  23.461  24.429
  29.440  23.771  21.105
  28.597  26.322  18.460
  26.024  28.490  16.810
  23.802  29.118  13.868
  23.776  30.920  10.564
  22.499  34.035   8.771
 continue
       27500
  45.853  21.312  14.506
  43.160  20.890  17.094
  39.633  22.125  17.780
  37.584  24.041  20.288
  35.415  23.414  23.339
  31.775  23.305  24.327
  30.307  24.086  20.932
  29.404  26.871  18.587
  26.395  28.371  16.907
  24.798  29.044  13.515
  23.822  31.713  10.988
  21.063  33.306   9.032
 continue
       28000
  46.868  20.691  15.285
  43.865  20.240  17.499
  40.516  21.622  18.508
  38.610  23.599  21.134
  35.899  23.222  23.672
  32.232  24.106  24.254
  31.531  25.064  20.692
  29.905  27.685  18.519
  26.609  28.401  16.713
  25.089  28.786  13.256
  23.610  31.458  11.074
  20.273  32.812  10.075
 continue
       28500
  48.180  20.035  16.300
  45.074  20.120  18.465
  41.444  21.079  18.607
  39.127  23.449  20.358
  36.774  24.098  23.284
  33.282  24.708  24.548
  31.521  24.765  21.166
  30.258  26.975  18.354
  27.423  29.088  17.085
  24.505  29.380  14.764
  23.453  30.949  11.542
  20.519  32.423   9.660
 continue
       29000
  48.558  19.686  16.245
  45.833  20.118  18.790
  42.123  20.828  19.277
  39.758  23.458  20.589
  37.552  24.259  23.497
  34.136  25.472  24.678
  32.254  25.359  21.265
  30.744  27.352  18.434
  27.407  28.678  17.360
  24.590  28.265  14.896
  23.364  29.893  11.704
  21.326  32.880  10.487
 continue
       29500
  48.155  18.835  16.191
  45.807  20.220  18.859
  42.285  21.283  19.510
  40.156  24.019  21.010
  38.235  24.760  24.172
  34.745  25.510  25.296
  33.056  25.221  21.940
  31.437  27.202  19.184
  28.114  27.712  17.490
  26.330  28.191  14.205
  24.323  30.606  12.103
  20.851  31.076  10.773
 continue
       30000
  47.925  19.346  15.885
  45.322  19.493  18.517
  42.222  21.428  19.640
  40.866  23.969  22.051
  38.601  24.589  24.992
  35.200  26.009  25.928
  33.632  25.823  22.563
  32.233  27.539  19.532
  28.895  28.278  17.883
  26.607  27.619  14.946
  24.985  29.223  11.965
  21.812  29.974  10.104
 continue
       30500
  47.490  18.886  15.736
  45.351  19.970  18.674
  42.088  21.300  19.846
  40.586  24.266  21.708
  38.925  25.380  24.949
  35.711  26.486  26.589
  33.635  25.497  23.494
  32.448  26.997  20.226
  29.504  28.666  18.569
  26.644  27.773  16.252
  26.108  27.392  12.521
  24.628  29.004   9.448
 continue
       31000
  46.551  18.898  15.574
  45.114  19.969  18.822
  41.930  21.229  20.440
  40.804  24.275  22.312
  39.531  25.584  25.572
  36.527  27.224  27.225
  33.947  26.003  24.613
  32.786  26.436  21.032
  30.115  27.845  18.800
  27.559  26.900  16.275
  26.918  26.618  12.618
  25.666  28.683   9.693
 continue
       31500
  45.983  18.314  15.956
  44.707  19.465  19.325
  42.115  21.696  20.963
  41.522  24.650  23.268
  40.075  25.504  26.650
  36.814  26.871  27.850
  34.804  25.889  24.809
  33.722  26.857  21.315
  30.704  27.251  19.059
  29.072  25.942  15.905
  27.776  27.106  12.536
  24.696  27.272  10.366
 continue
       32000
  47.447  17.872  17.257
  44.846  18.911  19.801
  42.676  21.755  20.986
  42.392  24.451  23.694
  40.444  25.520  26.755
  37.144  26.906  27.948
  35.275  25.856  24.860
  33.985  27.093  21.569
  30.743  27.159  19.657
  29.058  25.700  16.569
  27.792  26.593  13.079
  24.712  26.361  10.979
 continue
       32500
  48.762  17.783  18.205
  46.756  18.965  21.092
  43.568  20.759  22.042
  42.364  24.115  23.182
  41.100  25.896  26.218
  37.830  27.184  27.668
  35.617  25.530  25.020
  33.928  26.043  21.696
  30.897  27.192  19.853
  28.113  25.718  17.823
  26.891  25.329  14.313
  25.094  27.004  11.399
 continue
       33000
  50.083  16.960  19.263
  48.481  19.317  21.764
  45.190  20.164  23.225
  42.847  23.091  23.552
  41.424  25.739  25.917
  38.398  27.326  27.498
  35.735  25.598  25.329
  34.071  25.702  21.911
  31.060  26.976  19.890
  27.919  25.849  18.112
  26.300  25.324  14.753
  23.635  26.528  12.339
 continue
       33500
  51.329  16.656  20.684
  48.950  18.137  23.171
  45.781  20.262  23.404
  44.287  23.655  24.130
  42.033  25.453  26.480
  38.625  27.083  27.115
  36.452  25.406  24.473
  34.467  26.231  21.373
  30.927  26.516  20.215
  28.082  24.915  18.306
  25.916  25.420  15.303
  22.368  26.079  14.371
 continue
       34000
  52.095  16.573  22.655
  48.891  18.114  24.067
  45.723  19.948  23.111
  44.117  23.328  23.189
  42.798  25.659  25.879
  39.526  26.873  27.279
  37.125  25.444  24.735
  34.837  26.200  21.844
  31.195  26.149  20.942
  28.610  24.618  18.735
  25.865  25.221  16.151
  22.125  25.602  15.771
 continue
       34500
  52.310  16.075  22.514
  49.384  17.656  24.299
  46.222  19.691  23.845
  44.887  23.223  23.859
  43.384  26.012  25.826
  40.155  27.886  26.734
  37.650  25.634  25.018
  35.136  25.555  22.199
  31.596  26.477  21.238
  28.227  24.909  20.335
  25.919  24.098  17.440
  22.950  25.666  15.623
 continue
       35000
  50.945  14.899  21.849
  50.245  18.195  23.568
  47.417  20.042  25.178
  45.004  22.835  24.599
  43.843  26.295  25.698
  41.097  28.635  26.749
  38.166  26.324  25.881
  35.862  25.598  23.031
  32.617  26.530  21.329
  29.122  25.227  20.683
  26.654  24.187  18.023
  23.187  24.494  16.620
 continue
       35500
  50.454  14.632  21.740
  49.546  17.510  23.975
  46.783  19.985  24.650
  45.716  23.572  24.177
  45.002  26.723  26.056
  42.102  28.956  27.186
  39.339  26.789  25.673
  36.710  26.850  22.930
  33.006  26.750  22.413
  30.121  24.475  21.711
  27.700  23.597  19.043
  24.442  24.221  17.276
 continue
       36000
  50.389  14.257  22.550
  48.408  17.085  24.186
  46.244  20.126  23.541
  46.199  23.907  23.794
  45.799  26.890  26.129
  43.347  29.505  27.407
  40.215  27.470  26.719
  37.822  26.668  23.854
  34.129  26.774  22.848
  31.155  24.549  22.185
  28.804  23.111  19.534
  25.219  23.427  18.374
 continue
       36500
  49.029  13.685  22.074
  48.453  16.778  24.181
  46.783  20.183  24.208
  47.051  23.913  24.169
  46.670  26.979  26.330
  44.163  29.707  27.119
  41.006  27.679  26.701
  38.405  26.252  24.441
  34.999  26.483  22.955
  31.626  24.728  22.756
  29.326  22.629  20.635
  26.042  23.042  18.883
 continue
       37000
  48.555  13.664  21.914
  49.048  16.637  24.201
  47.098  19.688  25.229
  46.465  23.321  24.446
  47.028  26.807  25.674
  45.052  29.693  27.219
  41.879  27.621  26.652
  39.280  26.351  24.263
  35.661  26.726  23.179
  32.322  24.994  23.437
  29.961  22.662  21.643
  26.797  22.683  19.539
 continue
       37500
  49.422  12.828  22.616
  49.257  16.195  24.418
  47.438  19.454  24.783
  47.543  23.110  24.008
  47.623  26.595  25.577
  45.646  29.705  26.546
  42.337  27.761  26.837
  39.516  26.643  24.505
  35.815  27.049  23.838
  32.520  25.240  24.091
  30.274  23.013  22.071
  26.959  22.630  20.269
 continue
       38000
  50.417  12.664  23.556
  50.084  16.216  24.709
  47.955  19.358  24.446
  48.236  23.034  23.906
  48.235  26.471  25.441
  46.027  29.594  25.885
  42.767  27.764  26.443
  39.974  26.234  24.479
  36.308  26.464  23.789
  32.931  24.823  24.163
  29.935  23.410  22.404
  26.372  23.734  21.432
 continue
       38500
  51.628  12.499  23.918
  51.428  16.253  24.804
  49.094  19.126  25.329
  48.313  22.534  23.973
  48.514  26.167  24.899
  46.273  29.174  25.386
  43.135  27.141  25.482
  40.038  26.375  23.512
  36.278  26.727  23.778
  33.095  24.836  24.551
  29.762  23.765  23.010
  26.188  24.824  22.437
 continue
       39000
  52.870  12.375  24.488
  52.766  16.078  25.154
  50.219  18.912  25.431
  48.746  21.864  23.729
  48.647  25.618  23.723
  46.600  28.780  24.416
  43.375  26.900  25.073
  39.968  26.142  23.678
  36.395  27.284  23.886
  32.933  26.025  24.813
  29.813  24.933  22.944
  26.002  24.616  23.240
 continue
       39500
  53.738  12.596  24.978
  52.973  16.310  25.272
  50.397  18.932  25.516
  49.101  21.829  23.542
  49.049  25.588  23.122
  46.836  28.630  23.492
  43.706  26.491  24.281
  40.171  25.840  23.225
  36.579  26.842  23.713
  33.174  25.832  24.931
  29.664  24.783  24.086
  26.261  26.324  23.847
 continue
       40000
  54.035  12.544  25.868
  53.363  16.247  25.413
  50.619  18.857  24.934
  49.188  21.632  22.778
  49.130  25.415  22.568
  46.944  28.621  22.422
  43.749  27.208  23.977
  40.381  25.528  23.309
  36.705  26.496  23.243
  33.486  26.192  25.199
  29.993  25.011  24.972
  26.441  26.179  25.034
 continue
       40500
  53.710  12.594  25.874
  53.353  16.368  25.652
  50.604  18.931  25.071
  49.170  21.387  22.655
  49.206  25.031  21.459
  47.183  28.205  20.834
  44.137  27.570  22.979
  40.587  26.259  22.993
  36.992  27.202  23.799
  33.950  26.558  25.920
  30.584  24.802  26.020
  26.867  25.182  25.868
 continue
       41000
  52.872  13.283  26.598
  52.676  16.833  25.279
  50.493  19.761  24.601
  48.971  21.756  21.839
  49.120  25.135  20.355
  47.137  28.363  20.199
  44.578  27.291  22.795
  41.099  25.986  22.893
  37.517  26.694  23.437
  34.728  26.343  25.990
  31.478  24.666  27.029
  27.759  25.398  27.218
 continue
       41500
  52.191  13.759  26.595
  52.391  17.450  25.780
  50.145  20.139  24.364
  49.278  21.925  21.194
  49.213  25.276  19.437
  47.051  28.397  19.091
  44.751  27.285  21.915
  41.406  25.720  22.524
  37.821  26.650  23.447
  35.426  26.573  26.392
  32.309  24.768  27.628
  28.605  25.162  28.520
 continue
       42000
  52.621  14.069  27.264
  52.418  17.350  25.329
  50.186  20.181  24.170
  48.519  21.724  21.179
  48.670  24.743  18.839
  47.055  28.052  17.830
  44.628  27.929  20.767
  41.356  26.538  22.095
  37.990  27.380  23.609
  35.654  26.886  26.552
  32.944  24.825  28.024
  29.534  24.517  29.564
 continue
       42500
  52.488  14.577  27.523
  52.384  17.403  24.994
  50.291  20.240  23.642
  48.803  21.932  20.616
  48.747  24.912  18.368
  46.240  27.504  17.050
  44.266  27.656  20.321
  41.319  26.206  22.198
  37.867  26.799  23.619
  36.143  27.117  26.935
  33.669  25.298  29.103
  30.010  25.147  29.545
 continue
       43000
  53.343  14.947  26.998
  52.567  17.929  24.706
  49.866  20.208  23.360
  48.454  21.577  20.190
  48.230  24.674  17.971
  45.944  27.485  16.892
  44.150  27.476  20.204
  41.574  25.620  22.305
  38.030  26.146  23.419
  35.984  27.079  26.471
  33.959  25.787  29.433
  30.372  26.168  30.722
 continue
       43500
  54.199  15.091  26.329
  53.645  18.301  24.431
  50.842  20.503  23.107
  48.623  21.268  20.208
  48.036  23.784  17.501
  45.595  26.564  16.504
  43.877  26.695  19.909
  40.845  25.800  21.917
  37.811  27.043  23.837
  36.178  27.901  27.145
  33.707  26.236  29.504
  30.509  26.333  31.524
 continue
       44000
  55.530  15.881  26.215
  54.073  17.857  23.288
  51.746  20.657  22.607
  48.685  21.225  20.505
  47.294  23.055  17.500
  44.864  25.838  16.517
  43.763  26.586  20.092
  40.676  25.874  22.103
  37.905  27.539  24.041
  36.478  27.478  27.577
  33.580  26.579  29.730
  30.706  27.938  31.678
 continue
       44500
  56.352  15.966  25.339
  54.873  18.470  22.904
  51.746  20.530  22.158
  48.761  20.709  19.964
  47.297  22.939  17.233
  44.436  25.441  16.686
  43.352  25.685  20.343
  40.612  24.834  22.868
  37.570  26.460  24.477
  36.525  28.298  27.549
  34.175  28.025  30.439
  30.729  28.864  31.676
 continue
       45000
  57.541  16.210  24.061
  55.354  18.821  22.330
  51.841  20.210  22.246
  48.603  20.148  20.360
  46.697  21.865  17.663
  44.108  24.428  16.506
  42.908  25.743  19.869
  40.784  25.150  22.967
  37.687  26.164  24.823
  36.006  28.523  27.240
  34.550  28.523  30.759
  31.590  29.545  32.840
 continue
       45500
  57.692  17.012  24.117
  55.531  18.850  21.560
  52.262  20.657  21.222
  48.708  20.112  20.261
  46.016  20.694  17.684
  43.002  22.782  16.686
  42.300  25.012  19.685
  40.533  25.183  22.988
  37.784  26.988  24.827
  37.256  29.028  28.001
  35.424  28.674  31.321
  32.179  29.663  33.033
 continue
       46000
  57.903  18.813  23.858
  55.123  18.411  21.326
  51.988  20.171  20.145
  48.305  19.812  20.091
  45.546  20.055  17.537
  42.648  22.394  16.540
  42.174  24.283  19.816
  40.434  24.394  23.096
  38.058  26.288  25.322
  37.834  28.554  28.304
  36.230  29.044  31.635
  33.392  31.003  33.204
 continue
       46500
  57.700  18.435  23.196
  55.197  19.937  20.670
  51.601  20.814  20.263
  48.221  19.264  19.849
  45.231  19.474  17.545
  41.708  20.797  16.892
  41.532  23.415  19.658
  40.693  23.852  23.344
  38.357  25.661  25.655
  37.920  28.714  27.835
  37.505  29.661  31.423
  34.996  31.009  33.794
 continue
       47000
  58.091  19.846  21.868
  54.746  20.120  20.171
  51.001  20.652  20.659
  47.701  19.031  20.460
  44.783  18.430  18.177
  41.300  19.689  17.166
  41.168  22.744  19.417
  40.682  23.845  23.029
  38.310  25.450  25.554
  37.982  28.529  27.702
  38.387  29.775  31.292
  36.836  30.939  34.503
 continue
       47500
  57.673  21.062  21.605
  54.486  20.233  19.604
  50.817  20.716  19.417
  47.579  18.839  19.299
  44.297  17.960  17.640
  40.590  18.787  17.913
  41.085  21.746  20.230
  40.717  22.973  23.769
  38.753  25.254  25.950
  38.980  28.467  27.924
  39.542  29.937  31.354
  37.492  31.241  34.325
 continue
       48000
  57.593  21.590  20.258
  54.312  20.434  18.740
  50.495  20.730  18.876
  47.231  19.042  19.555
  44.069  17.928  17.859
  40.243  18.195  18.207
  40.587  21.260  20.494
  40.933  22.443  23.975
  39.343  24.730  26.553
  39.648  28.113  28.213
  40.086  29.534  31.695
  38.676  32.124  34.055
 continue
       48500
  57.376  21.658  18.078
  53.730  20.902  17.214
  50.377  20.765  18.889
  47.648  18.314  19.464
  44.175  17.363  18.281
  40.443  17.658  19.027
  40.673  20.966  20.878
  41.079  22.765  24.221
  39.157  25.049  26.541
  39.304  28.335  28.479
  40.468  30.166  31.511
  39.582  31.549  34.867
 continue
       49000
  56.945  21.435  16.229
  53.245  20.777  15.802
  49.896  20.835  17.469
  47.370  18.923  19.464
  44.096  17.093  19.112
  40.358  17.343  20.057
  40.636  20.966  21.185
  41.439  22.747  24.451
  40.104  24.536  27.528
  39.849  28.042  28.685
  40.897  30.318  31.531
  39.679  31.648  34.790
 continue
       49500
  56.324  21.811  14.588
  52.872  20.221  14.358
  49.422  20.264  15.896
  47.213  18.447  18.304
  43.819  16.847  18.871
  40.307  17.407  20.291
  41.121  20.638  22.128
  41.798  22.170  25.501
  40.357  24.472  28.044
  40.275  28.024  29.483
  41.301  30.500  32.182
  39.952  32.660  35.014
 continue
       50000
  55.569  21.069  12.354
  51.861  20.127  12.871
  49.125  20.292  15.527
  47.138  18.634  18.245
  43.882  16.892  18.907
  40.506  17.012  20.603
  40.910  20.409  22.314
  41.926  22.246  25.359
  40.576  24.390  28.190
  40.506  27.932  29.518
  41.672  30.053  32.428
  40.524  32.262  35.311
 continue
       50500
  54.219  20.646  10.782
  50.727  19.863  12.134
  48.328  20.331  14.996
  46.813  18.519  17.901
  43.714  16.711  18.954
  40.718  16.694  21.333
  40.871  20.370  22.221
  42.185  22.632  24.925
  41.178  24.320  28.138
  40.582  27.729  29.627
  41.893  30.101  32.176
  41.407  30.965  35.792
 continue
       51000
  52.826  21.324   9.669
  50.174  19.464  11.561
  47.439  19.912  14.056
  46.057  18.234  17.052
  43.163  16.163  18.528
  40.430  16.441  21.209
  41.170  20.015  22.352
  42.528  21.954  25.371
  41.516  24.128  28.315
  41.254  27.528  29.960
  42.540  29.874  32.648
  41.844  31.503  35.927
 continue
       51500
  51.867  21.499   9.208
  48.694  20.023  10.614
  46.337  20.080  13.555
  45.468  18.481  16.840
  42.737  16.454  18.396
  40.429  16.114  21.510
  40.997  19.658  22.776
  42.678  21.637  25.476
  41.717  23.541  28.559
  41.744  27.061  29.829
  43.352  29.094  32.580
  42.750  31.762  35.178
 continue
       52000
  49.911  21.971   8.294
  47.340  20.418  10.727
  45.907  20.572  14.185
  45.011  18.196  16.914
  42.359  15.975  18.473
  40.010  15.911  21.397
  41.036  19.349  22.591
  42.665  21.312  25.298
  41.950  23.525  28.243
  42.022  27.060  29.667
  44.054  29.432  31.781
  44.435  30.859  35.294
 continue
       52500
  48.609  22.834   8.179
  46.156  20.940  10.353
  44.419  20.441  13.779
  44.195  18.081  16.648
  41.957  15.792  18.563
  40.143  15.313  21.886
  40.260  18.986  22.837
  42.270  21.457  24.785
  42.503  23.336  28.104
  42.644  26.811  29.619
  45.092  29.056  31.378
  45.728  30.996  34.547
 continue
       53000
  47.067  23.559   8.299
  44.560  21.265  10.032
  43.269  20.602  13.417
  43.176  18.041  16.162
  40.959  15.801  18.238
  39.800  15.080  21.792
  40.351  18.568  23.229
  42.835  20.858  25.070
  43.090  22.851  28.224
  43.473  26.404  29.377
  45.863  28.884  30.839
  46.459  31.407  33.544
 continue
       53500
  44.617  23.719   7.654
  42.853  21.488  10.028
  42.243  20.820  13.692
  42.717  18.215  16.314
  40.732  15.589  18.202
  39.427  15.066  21.760
  40.346  18.586  23.020
  43.050  20.516  24.821
  43.775  22.713  27.790
  43.784  26.204  29.117
  45.896  29.187  30.164
  47.761  30.400  33.144
 continue
       54000
  42.450  23.604   6.966
  40.792  21.782   9.845
  40.867  20.801  13.501
  41.898  18.098  15.986
  40.709  15.467  18.432
  39.929  14.672  22.054
  40.088  18.195  23.372
  42.621  20.819  24.275
  44.187  22.616  27.165
  44.256  25.996  28.972
  46.562  28.804  29.979
  48.709  30.013  32.924
 continue
       54500
  40.092  23.978   6.944
  38.926  21.272   9.371
  39.361  20.361  13.021
  40.979  17.976  15.530
  40.373  15.382  18.170
  40.055  14.616  21.823
  40.693  18.014  23.380
  43.158  20.480  24.621
  44.667  22.303  27.652
  45.196  25.712  29.186
  47.819  28.354  29.936
  49.468  30.585  32.544
 continue
       55000
  38.102  23.165   6.952
  37.308  20.817   9.745
  37.899  20.316  13.473
  40.219  18.562  15.834
  40.036  15.706  18.259
  40.358  14.622  21.854
  41.318  18.112  23.073
  44.285  20.162  24.373
  45.734  21.908  27.333
  45.891  25.382  28.898
  48.265  28.152  29.563
  50.213  29.620  32.375
 continue
       55500
  35.484  22.718   7.379
  35.866  20.680  10.522
  37.779  20.337  13.691
  39.912  17.900  15.687
  39.836  15.221  18.393
  40.659  14.494  22.039
  41.407  18.160  22.953
  44.230  20.686  23.593
  46.234  22.058  26.533
  46.764  24.864  28.862
  48.987  27.828  29.773
  51.743  28.791  32.089
 continue
       56000
  33.737  22.450   7.815
  34.470  20.622  10.985
  36.642  20.143  14.059
  39.149  17.948  15.844
  39.635  15.113  18.292
  41.263  14.210  21.644
  41.620  17.641  23.155
  44.114  20.427  23.742
  46.521  21.750  26.293
  47.615  24.718  28.409
  50.424  27.101  29.151
  52.935  28.444  31.729
 continue
       56500
  32.781  22.958   8.750
  33.589  20.259  11.313
  35.221  19.775  14.677
  38.209  18.198  16.322
  39.171  15.324  18.606
  41.119  14.225  21.566
  42.211  17.654  22.718
  45.237  19.522  23.473
  47.311  20.911  26.273
  48.131  24.223  27.938
  50.863  26.842  28.289
  53.434  28.100  30.762
 continue
       57000
  31.810  23.065  10.150
  32.713  20.369  12.631
  35.132  19.848  15.502
  38.149  17.820  16.570
  39.161  14.846  18.500
  40.913  13.679  21.683
  41.864  17.246  22.557
  44.739  19.709  22.681
  47.625  20.825  24.872
  48.935  23.322  27.440
  51.095  26.342  28.010
  54.424  27.480  29.427
 continue
       57500
  30.878  23.211  11.313
  31.983  21.175  14.339
  34.948  19.741  16.159
  37.788  17.310  16.465
  38.917  14.248  18.458
  41.155  12.988  21.227
  41.950  16.389  22.829
  44.579  19.202  22.781
  47.687  20.373  24.596
  49.141  23.250  26.400
  51.847  25.861  26.561
  54.912  26.916  28.377
 continue
       58000
  30.351  23.693  12.811
  31.327  20.730  14.877
  34.372  19.614  16.848
  37.292  17.235  16.984
  38.566  14.069  18.621
  40.962  12.471  21.198
  42.464  15.684  22.606
  45.666  17.686  22.594
  48.328  19.328  24.657
  49.577  22.649  25.959
  51.831  25.601  25.573
  54.930  27.125  26.996
 continue
       58500
  30.253  23.674  14.163
  31.332  20.418  15.821
  33.948  18.808  17.943
  37.174  16.837  17.855
  38.463  13.486  19.054
  41.016  11.703  21.237
  42.531  14.933  22.447
  45.068  17.574  21.813
  48.297  19.251  22.962
  49.592  22.088  25.213
  51.674  25.285  25.456
  55.255  26.552  26.053
 continue
       59000
  29.535  23.304  15.705
  30.987  20.217  17.334
  34.347  18.643  18.231
  36.674  15.773  17.701
  38.428  12.658  18.969
  41.323  11.295  20.985
  42.414  14.640  22.430
  44.734  17.441  21.683
  48.114  18.784  22.568
  49.899  21.410  24.579
  51.864  24.645  24.556
  55.339  26.158  24.660
 continue
       59500
  28.623  22.702  16.986
  30.595  19.758  18.387
  33.990  18.414  19.372
  36.790  16.128  18.262
  37.990  12.647  18.889
  41.014  10.716  20.178
  42.375  13.797  21.983
  45.240  16.331  21.559
  48.427  17.691  22.980
  50.016  20.920  24.148
  52.006  23.927  23.156
  55.135  25.854  23.655
 continue
       60000
  28.578  22.735  18.627
  30.066  19.255  18.981
  33.363  17.733  19.962
  36.155  15.454  18.918
  37.602  11.983  19.512
  40.842  10.172  20.365
  42.515  13.475  21.308
  45.164  16.050  20.406
  48.431  17.394  21.927
  50.048  20.418  23.358
  52.270  23.395  22.621
  55.509  25.030  23.511
 continue
       60500
  28.120  22.188  19.684
  29.951  18.961  20.232
  33.222  17.102  20.640
  35.672  14.720  19.150
  37.371  11.388  19.416
  40.892   9.964  19.871
  42.328  13.233  21.112
  44.533  16.144  20.393
  48.036  17.279  20.638
  50.387  19.602  22.575
  52.350  22.779  22.395
  55.941  24.066  22.695
 continue
       61000
  27.120  21.047  21.203
  29.637  18.161  21.344
  33.170  16.957  21.245
  35.621  14.908  19.226
  37.225  11.538  18.706
  40.443   9.627  18.982
  42.357  12.265  20.971
  44.676  15.109  20.724
  48.298  16.245  20.901
  50.562  18.877  22.421
  52.470  22.125  21.611
  55.941  23.656  21.476
 continue
       61500
  27.411  20.411  22.903
  29.138  17.152  22.119
  32.727  15.790  21.942
  35.245  14.241  19.609
  37.059  11.032  18.925
  40.436   9.282  18.662
  42.384  12.001  20.376
  45.025  14.684  19.591
  48.508  15.774  20.482
  50.532  18.382  22.290
  52.600  21.410  21.611
  56.133  22.648  20.945
 continue
       62000
  27.719  19.582  23.892
  29.463  16.271  23.201
  32.906  14.812  22.754
  35.419  13.720  20.141
  37.038  10.488  18.899
  40.302   8.636  18.443
  42.400  11.395  20.119
  44.366  14.577  19.349
  47.886  15.922  19.010
  50.601  17.450  21.022
  52.895  20.357  21.766
  56.311  21.687  21.495
 continue
       62500
  27.821  18.497  25.299
  30.239  15.647  24.971
  33.304  14.608  23.080
  34.793  12.959  20.024
  36.578  10.052  18.497
  39.970   8.397  17.875
  42.256  10.889  19.606
  44.502  13.851  19.021
  48.053  15.057  18.664
  51.029  16.578  20.561
  52.926  19.651  21.582
  56.110  21.502  20.753
 continue
       63000
  29.022  17.690  27.185
  30.569  14.678  25.520
  33.663  13.471  23.740
  35.402  13.030  20.499
  36.459  10.268  18.154
  39.342   8.089  17.166
  41.920   9.995  19.153
  44.386  12.728  18.826
  48.045  13.795  19.079
  50.433  16.181  20.805
  52.542  19.326  20.336
  56.196  20.445  19.736
 continue
       63500
  30.343  17.087  28.604
  30.849  13.993  26.410
  33.642  12.486  24.380
  35.153  12.125  20.916
  36.093   9.549  18.336
  39.015   7.828  16.598
  41.727   9.653  18.588
  44.186  12.528  18.360
  47.773  13.446  18.249
  50.402  15.381  20.126
  52.805  18.281  19.907
  56.398  19.162  19.250
 continue
       64000
  30.297  15.898  29.670
  31.678  13.186  27.448
  34.421  12.314  24.930
  34.962  11.660  21.240
  35.756   8.918  18.730
  38.550   7.513  16.450
  41.507   9.201  18.254
  43.915  12.197  18.071
  47.354  13.504  17.104
  50.841  14.062  18.343
  53.357  16.335  19.951
  56.461  18.287  19.573
 continue
       64500
  30.895  14.378  30.673
  32.412  12.103  28.043
  35.132  11.647  25.545
  35.715  11.550  21.876
  35.730   9.365  18.747
  37.922   7.912  16.054
  41.143   8.662  17.835
  43.762  11.360  18.148
  47.169  12.533  16.941
  50.815  12.756  17.932
  53.386  15.033  19.456
  56.314  17.346  18.735
 continue
       65000
  33.318  12.938  32.020
  32.796  11.392  28.628
  34.655  10.204  25.591
  35.429  10.722  21.963
  35.438   9.168  18.621
  37.649   8.095  15.696
  40.880   8.767  17.565
  43.661  11.117  17.924
  47.288  11.388  17.117
  50.694  11.981  18.721
  53.360  14.688  18.860
  56.679  15.790  17.278
 continue
       65500
  34.042  11.548  32.864
  33.761   9.978  29.384
  35.615   9.320  26.159
  35.741  10.197  22.523
  35.095   8.908  19.006
  36.945   7.868  15.882
  40.479   8.405  17.272
  43.419  10.768  17.565
  46.980  11.451  16.571
  50.619  11.650  17.659
  53.657  13.940  18.177
  57.344  14.138  17.436
 continue
       66000
  33.714   9.791  33.428
  34.960   8.267  30.169
  36.562   8.964  26.758
  35.787   9.879  23.173
  35.173   8.595  19.654
  36.860   8.040  16.206
  40.447   8.401  17.326
  43.602  10.632  17.147
  47.005  10.889  15.504
  50.575  10.491  16.421
  53.479  12.227  17.891
  56.770  13.742  16.993
 continue
       66500
  35.505   8.008  33.878
  34.680   7.466  30.198
  36.263   7.307  26.831
  36.530   9.126  23.596
  35.367   9.007  20.024
  36.605   8.258  16.544
  40.298   7.730  17.493
  43.490   9.582  18.200
  46.633  10.785  16.428
  50.284   9.992  16.083
  53.685  11.287  17.031
  56.711  12.959  15.716
 continue
       67000
  36.635   6.307  34.427
  35.307   6.129  30.936
  36.264   5.954  27.295
  36.257   8.074  24.242
  35.128   8.323  20.685
  36.254   8.530  17.070
  39.953   7.934  17.739
  43.249   9.597  18.205
  46.513  10.294  16.548
  50.267   9.335  16.216
  53.749  10.850  16.588
  56.910  11.941  14.711
 continue
       67500
  36.375   3.945  35.031
  36.356   3.878  31.215
  37.568   5.684  28.137
  36.414   7.822  25.233
  35.049   7.774  21.681
  35.872   8.354  18.000
  39.571   7.726  17.881
  42.850   9.423  17.740
  46.060   9.783  15.808
  49.624   8.854  15.975
  53.062  10.382  16.418
  56.472  10.874  14.785
 continue
       68000
  37.792   2.248  34.926
  36.757   2.846  31.323
  37.929   4.072  27.940
  37.268   6.886  25.504
  35.201   7.754  22.467
  35.416   8.445  18.744
  39.087   7.469  18.471
  42.685   8.790  18.877
  45.699   9.626  16.789
  49.219   8.499  15.875
  52.869   9.223  16.039
  55.589  10.852  14.086
 continue
       68500
  40.089   0.202  34.327
  37.647   1.664  31.883
  37.109   2.813  28.314
  36.989   5.790  26.080
  35.197   7.536  23.320
  35.339   8.729  19.748
  38.901   7.394  19.136
  42.579   8.307  19.087
  45.599   9.457  17.040
  48.731   8.312  15.296
  52.476   8.584  15.392
  55.365  10.588  14.297
 continue
       69000
  40.672  -1.661  34.189
  38.495  -0.275  31.397
  38.782   1.816  28.371
  37.922   5.155  26.833
  35.716   7.031  24.378
  35.107   8.620  20.992
  38.333   7.557  19.415
  41.948   8.540  19.028
  44.696   9.396  16.631
  48.059   8.106  15.520
  51.773   8.638  15.783
  54.942   9.233  13.688
 continue
       69500
  41.350  -3.226  33.419
  39.693  -1.745  30.415
  39.721   1.332  28.119
  38.055   4.675  27.453
  35.339   6.186  25.278
  35.000   8.244  22.045
  38.419   7.230  20.659
  41.952   8.306  20.186
  44.508   9.033  17.509
  47.505   7.498  15.748
  51.273   8.011  15.191
  53.922   9.453  12.829
 continue
       70000
  42.689  -4.757  32.057
  39.992  -2.423  30.773
  39.406   0.084  28.067
  38.425   3.680  27.546
  35.878   6.060  26.091
  35.302   8.180  23.073
  38.318   6.794  21.181
  41.970   7.511  20.566
  44.456   8.706  18.060
  46.984   7.970  15.344
  50.631   7.702  14.504
  53.365   9.492  12.750
 continue
       70500
  43.243  -5.926  31.911
  40.458  -3.794  30.547
  39.594  -1.074  28.058
  39.185   2.629  27.560
  36.763   5.304  26.741
  35.936   8.202  24.464
  38.026   7.070  21.515
  41.673   7.248  20.253
  43.896   9.060  17.711
  46.393   8.226  15.064
  50.079   8.052  14.410
  52.931   9.268  12.249
 continue
       71000
  43.172  -7.335  31.324
  40.870  -4.753  29.831
  40.735  -1.430  28.045
  39.693   2.182  28.272
  36.939   4.631  27.343
  35.934   7.164  24.756
  38.842   6.410  22.386
  42.181   7.478  21.054
  43.785   8.907  17.947
  45.901   8.013  14.956
  49.435   8.000  13.629
  51.807   9.767  11.337
 continue
       71500
  43.730  -8.200  30.955
  41.305  -5.666  29.610
  40.968  -2.466  27.678
  40.084   1.214  28.122
  37.352   3.796  27.701
  36.436   6.752  25.465
  39.002   6.013  22.800
  42.280   6.873  21.299
  44.108   8.421  18.427
  45.789   7.883  15.007
  48.979   8.253  13.054
  50.274  10.448  10.299
 continue
       72000
  44.196  -9.795  29.954
  41.778  -6.904  30.081
  40.757  -3.747  28.284
  40.704   0.014  28.194
  38.370   2.988  27.952
  37.314   6.187  26.200
  38.896   5.721  22.770
  42.049   6.337  20.782
  43.470   8.547  18.001
  44.946   8.249  14.590
  48.137   8.766  12.562
  49.647  10.838   9.703
 continue
       72500
  44.205 -10.775  29.635
  41.946  -7.758  29.589
  41.210  -4.618  27.648
  41.407  -0.878  27.683
  39.719   2.407  28.291
  38.276   5.585  26.894
  39.341   5.159  23.224
  42.206   6.194  20.856
  42.960   8.114  17.793
  43.978   8.112  14.182
  46.831   8.767  11.824
  48.623  11.425   9.802
 continue
       73000
  44.109 -11.542  29.064
  42.112  -8.382  28.459
  41.992  -4.935  26.865
  42.354  -1.249  27.750
  40.069   1.600  28.592
  38.536   4.751  27.115
  39.912   4.284  23.552
  42.622   5.565  21.261
  43.424   7.899  18.330
  43.506   8.069  14.556
  45.535   8.730  11.424
  46.529  11.211   8.874
 continue
       73500
  45.134 -11.991  27.584
  42.492  -9.284  27.753
  42.199  -5.670  26.750
  42.426  -2.155  28.130
  40.617   1.135  28.895
  39.696   4.576  27.646
  40.342   4.166  24.006
  42.666   5.172  21.238
  42.997   7.643  18.398
  42.884   7.787  14.588
  44.880   8.314  11.492
  44.876  10.455   8.353
 continue
       74000
  44.932 -12.745  25.592
  44.018  -9.592  27.344
  42.434  -6.189  27.133
  43.100  -2.503  26.996
  42.267   0.657  28.806
  40.619   4.069  28.532
  40.387   3.960  24.719
  42.008   4.796  21.493
  41.796   6.831  18.344
  41.747   6.855  14.596
  44.128   7.424  11.652
  44.861   9.682   8.660
 continue
       74500
  45.468 -13.037  24.795
  43.980  -9.936  26.384
  43.135  -6.342  25.802
  44.005  -2.872  27.002
  42.946   0.040  29.121
  41.386   3.453  28.805
  40.689   3.205  25.012
  42.190   3.784  21.515
  42.028   6.142  18.639
  41.046   6.348  14.972
  42.648   6.535  11.524
  44.054   8.888   8.936
 continue
       75000
  46.267 -13.678  24.163
  44.296 -10.588  25.159
  44.093  -6.755  25.016
  44.549  -3.686  27.165
  42.864  -0.828  28.983
  41.802   2.796  28.726
  41.072   2.710  25.034
  42.786   3.332  21.718
  42.774   5.766  18.812
  41.390   6.148  15.435
  42.050   5.892  11.813
  41.520   7.690   8.601
 continue
       75500
  46.764 -13.909  22.900
  45.436 -11.188  25.192
  44.286  -7.597  25.251
  45.219  -4.147  26.533
  43.975  -1.536  28.954
  42.647   2.021  28.891
  41.880   1.963  25.160
  42.923   3.164  21.758
  41.996   5.423  18.849
  40.386   5.479  15.381
  41.282   5.407  11.728
  41.399   7.450   8.551
 continue
       76000
  47.215 -14.423  22.727
  46.599 -11.567  25.035
  45.046  -8.184  25.138
  45.702  -4.522  25.664
  45.538  -1.667  28.133
  43.717   1.628  28.707
  41.918   1.474  25.350
  42.273   2.105  21.731
  41.165   4.449  19.029
  39.934   4.629  15.409
  41.081   5.449  11.852
  41.068   8.002   9.021
 continue
       76500
  48.328 -15.181  22.607
  46.719 -12.356  24.488
  46.093  -8.654  24.694
  46.990  -5.340  26.189
  45.612  -2.506  28.279
  43.966   0.867  28.104
  42.341   0.451  24.760
  42.751   1.813  21.253
  41.533   4.395  18.788
  39.598   4.808  15.659
  40.021   5.518  11.976
  39.169   8.152   9.382
 continue
       77000
  49.871 -15.763  22.793
  47.643 -13.167  24.468
  46.211  -9.676  23.875
  46.769  -6.049  24.969
  45.738  -3.523  27.553
  43.849  -0.293  28.142
  42.897   0.016  24.426
  43.616   1.888  21.110
  42.110   4.453  18.782
  39.590   4.893  15.986
  38.795   5.279  12.308
  37.551   7.631   9.669
 continue
       77500
  50.537 -16.430  21.904
  48.920 -13.836  24.136
  47.146 -10.471  24.186
  47.364  -6.732  24.662
  46.432  -3.989  27.039
  44.518  -0.823  27.598
  42.761  -0.584  24.190
  42.754   1.114  20.869
  41.265   3.773  18.678
  38.727   4.516  15.977
  38.153   5.176  12.316
  37.844   7.841   9.724
 continue
       78000
  50.552 -16.736  21.002
  50.035 -13.868  23.350
  47.974 -10.765  23.747
  47.684  -7.003  23.943
  46.996  -4.068  26.245
  44.876  -1.068  27.129
  42.470  -1.356  24.266
  42.113  -0.207  20.709
  40.571   2.493  18.493
  38.454   3.215  15.384
  38.435   4.884  12.015
  37.590   8.374  10.618
 continue
       78500
  52.121 -16.350  20.012
  49.759 -14.238  21.994
  48.236 -10.808  22.197
  48.448  -7.296  23.607
  47.135  -4.991  26.288
  44.863  -2.061  27.092
  43.180  -1.939  23.693
  42.852   0.113  20.556
  40.726   2.394  18.376
  38.799   2.644  15.136
  38.172   4.569  11.851
  36.319   7.339  10.054
 continue
       79000
  52.872 -16.052  18.693
  50.232 -14.191  20.646
  48.918 -10.654  21.062
  49.027  -7.499  23.159
  47.055  -5.616  25.782
  44.558  -2.891  26.530
  43.513  -2.508  22.901
  43.629   0.091  20.106
  41.551   2.472  18.244
  38.955   2.605  15.540
  38.076   3.293  11.942
  36.030   5.355   9.600
 continue
       79500
  53.083 -15.152  16.625
  51.545 -13.872  19.832
  49.141 -11.143  20.931
  48.913  -7.566  22.151
  48.014  -5.530  25.172
  45.761  -2.710  26.231
  43.401  -3.124  23.269
  42.835  -1.922  19.712
  41.266   1.006  17.703
  38.690   1.870  15.116
  38.113   2.353  11.425
  37.206   4.894   8.790
 continue
       80000
  53.199 -15.508  15.454
  52.497 -13.193  18.323
  50.012 -10.822  19.829
  49.297  -7.384  21.230
  48.548  -5.483  24.391
  45.854  -3.305  25.869
  43.427  -3.890  23.022
  42.808  -2.531  19.593
  40.777  -0.197  17.436
  38.741   0.195  14.210
  38.696   1.555  10.746
  37.580   4.538   8.667
 continue
       80500
  54.725 -14.801  14.362
  52.271 -13.582  16.919
  50.506 -10.571  18.300
  50.342  -8.014  21.036
  48.357  -6.819  24.057
  45.897  -4.243  25.376
  44.290  -4.061  21.943
  43.667  -1.841  19.037
  40.961  -0.427  16.912
  39.228  -0.717  13.577
  38.799   0.879  10.119
  36.687   3.186   8.025
 continue
       81000
  55.773 -14.431  13.379
  53.634 -13.673  16.441
  51.255 -10.970  17.649
  50.811  -8.111  20.098
  48.867  -7.260  23.207
  45.803  -5.349  24.500
  44.350  -4.998  21.044
  44.237  -2.821  17.860
  42.148  -0.239  16.030
  39.303  -0.163  13.588
  38.444   0.040   9.897
  36.019   1.647   7.463
 continue
       81500
  57.077 -14.429  12.569
  55.498 -13.692  15.963
  52.494 -11.903  17.443
  51.160  -8.688  18.901
  49.942  -7.022  22.058
  47.126  -4.954  23.495
  44.718  -5.237  20.539
  43.739  -3.898  17.132
  41.407  -1.493  15.372
  38.471  -1.063  13.059
  37.618  -0.338   9.482
  36.572   2.189   6.966
 continue
       82000
  58.528 -15.500  12.858
  56.483 -13.615  15.402
  53.314 -11.758  16.246
  52.071  -8.513  17.630
  50.858  -6.832  20.792
  47.741  -5.454  22.493
  45.492  -5.797  19.377
  43.950  -3.781  16.661
  40.706  -2.635  15.117
  38.872  -2.492  11.754
  38.018  -0.361   8.797
  35.514   2.202   7.676
 continue
       82500
  59.740 -15.300  12.185
  56.860 -14.203  14.451
  54.417 -11.480  15.211
  53.528  -8.821  17.677
  51.123  -7.926  20.483
  47.864  -6.097  21.383
  46.143  -6.230  18.027
  44.981  -4.066  15.158
  41.882  -2.333  13.817
  39.208  -2.561  11.155
  37.544  -0.452   8.487
  34.023   0.594   7.428
 continue
       83000
  60.749 -14.293  11.141
  58.308 -13.874  14.000
  54.909 -12.407  14.686
  53.418  -9.346  16.143
  51.644  -8.254  19.258
  48.316  -6.866  20.573
  46.594  -6.405  17.239
  45.629  -4.110  14.387
  42.467  -2.571  13.072
  39.600  -3.129  10.745
  37.662  -1.435   7.934
  34.266  -0.343   6.786
 continue
       83500
  61.595 -14.439  10.028
  59.484 -13.273  12.960
  55.975 -12.185  13.820
  54.350  -9.151  15.220
  52.621  -7.831  18.298
  49.192  -6.907  19.724
  46.894  -7.221  16.676
  45.020  -5.018  14.242
  41.746  -3.702  13.046
  39.312  -4.088  10.147
  38.236  -2.308   7.014
  35.800   0.148   5.718
 continue
       84000
  62.127 -13.747   8.714
  59.697 -13.015  11.610
  56.351 -11.608  12.689
  54.869  -8.666  14.504
  53.012  -7.702  17.667
  49.710  -6.983  19.470
  47.174  -7.779  16.706
  45.784  -6.196  13.605
  42.666  -4.601  12.066
  40.087  -4.876   9.362
  38.937  -2.862   6.425
  36.175  -0.741   4.891
 continue
       84500
  61.786 -12.258   7.091
  59.723 -12.532  10.256
  56.513 -11.270  11.808
  55.242  -8.960  14.444
  53.490  -8.631  17.750
  50.014  -7.872  19.191
  48.036  -7.670  15.955
  46.907  -5.646  12.971
  43.853  -4.467  11.145
  41.462  -5.474   8.396
  39.547  -3.982   5.573
  36.068  -2.861   4.422
 continue
       85000
  62.277 -11.893   6.067
  59.936 -11.963   9.034
  56.984 -10.482  10.751
  56.159  -8.535  13.796
  54.232  -8.897  17.007
  50.741  -8.433  18.372
  48.693  -8.345  15.152
  46.795  -6.065  12.884
  43.441  -5.558  11.319
  41.768  -6.104   7.979
  40.474  -4.464   4.736
  37.297  -4.185   2.908
 continue
       85500
  62.979 -11.021   5.125
  60.862 -11.607   8.225
  57.514 -10.840   9.857
  55.815  -8.443  12.230
  54.653  -8.007  15.789
  51.459  -8.161  17.932
  49.146  -9.033  15.112
  47.389  -7.661  11.962
  44.001  -7.106  10.415
  41.851  -7.613   7.379
  41.052  -5.537   4.360
  38.420  -3.709   2.402
 continue
       86000
  63.481 -11.114   3.944
  61.932 -10.677   7.419
  58.806 -10.861   9.556
  56.655  -8.880  11.874
  55.096  -8.567  15.308
  51.782  -8.702  17.171
  49.568  -9.510  14.121
  48.246  -8.445  10.753
  45.074  -7.016   9.201
  42.182  -7.581   6.912
  40.791  -6.765   3.562
  37.963  -4.928   1.852
 continue
       86500
  64.795 -10.435   3.564
  62.898 -11.074   6.806
  59.549 -10.921   8.499
  57.621  -9.237  11.202
  55.803  -9.796  14.434
  52.320  -9.348  15.914
  50.340  -9.522  12.560
  48.451  -7.602   9.977
  45.074  -6.735   8.648
  42.485  -8.239   6.265
  41.099  -7.674   2.828
  37.843  -6.669   1.283
 continue
       87000
  66.548 -10.520   4.066
  63.695 -11.316   6.437
  60.065 -10.520   7.078
  58.195  -8.748   9.783
  56.529  -9.294  13.123
  53.137  -9.857  14.860
  51.051 -10.156  11.791
  48.726  -8.219   9.528
  45.159  -8.248   8.269
  43.190  -9.068   5.154
  41.244  -7.531   2.271
  37.911  -7.199   0.475
 continue
       87500
  67.458 -10.108   3.321
  64.928 -11.040   6.013
  61.370 -10.724   7.287
  59.118  -8.711   9.471
  56.952  -8.982  12.583
  53.366  -9.538  13.778
  51.865 -10.697  10.546
  49.488  -9.331   7.967
  45.974  -9.597   6.662
  43.664 -10.080   3.776
  41.292  -7.937   1.691
  37.838  -6.848   0.792
 continue
       88000
  68.154  -9.780   2.545
  66.064  -9.765   5.730
  62.675 -10.877   6.945
  59.498  -9.675   8.507
  57.397  -9.585  11.592
  54.004 -10.505  13.062
  52.189 -11.209   9.692
  50.076  -9.350   7.190
  46.570  -8.685   6.128
  44.071  -9.765   3.426
  41.689  -8.619   0.770
  38.074  -8.449  -0.233
 continue
       88500
  68.980  -8.656   2.473
  66.524 -10.550   4.721
  62.867 -10.797   5.545
  60.332  -9.482   7.935
  58.238 -10.561  10.867
  54.758 -11.146  12.266
  52.835 -10.835   8.951
  50.211  -9.027   6.960
  46.537  -9.178   5.740
  44.248 -10.516   3.079
  42.601  -9.808  -0.208
  39.176  -8.766  -1.501
 continue
       89000
  69.209  -8.914   1.629
  66.395 -10.226   3.775
  62.711  -9.833   4.580
  60.009  -8.935   6.992
  58.463 -10.051  10.264
  55.299 -11.579  11.824
  53.458 -12.196   8.631
  51.222 -10.647   6.004
  47.696 -10.294   4.825
  45.381 -11.070   1.938
  43.491  -9.571  -0.920
  39.978  -9.060  -2.145
 continue
       89500
  68.243  -8.139  -0.201
  66.464  -9.717   2.779
  63.078 -10.297   4.280
  60.763  -9.344   7.127
  58.894 -10.655  10.187
  55.378 -11.672  11.395
  54.027 -12.411   7.900
  51.992 -10.986   5.094
  48.590 -11.340   3.577
  46.596 -11.937   0.429
  44.339 -10.116  -2.143
  40.807  -9.181  -2.741
 continue
       90000
  67.926  -7.773  -1.459
  66.532  -8.951   1.873
  63.480 -10.621   3.425
  60.890 -10.015   6.037
  59.486 -11.338   9.256
  56.314 -12.802  10.771
  54.632 -12.974   7.365
  52.069 -11.125   5.281
  48.758 -11.245   3.461
  47.274 -11.870   0.035
  45.457 -10.311  -2.826
  42.601 -10.686  -5.396
 continue
       90500
  68.120  -7.051  -1.649
  66.614  -9.581   0.789
  63.286 -10.492   2.270
  61.417 -10.144   5.472
  60.036 -11.932   8.457
  56.847 -13.117  10.044
  55.157 -13.231   6.599
  52.664 -11.485   4.477
  49.411 -12.039   2.604
  48.158 -12.735  -0.876
  46.916 -11.127  -3.968
  43.943 -10.392  -6.172
 continue
       91000
  69.041  -7.621  -2.249
  67.122  -9.393   0.465
  63.729 -10.061   1.948
  61.473  -9.871   4.986
  60.248 -11.893   7.913
  57.283 -13.954   9.193
  56.082 -14.736   5.641
  54.336 -13.041   2.754
  50.940 -12.509   1.277
  48.737 -13.195  -1.774
  47.283 -11.650  -4.927
  44.369 -10.034  -6.622
 continue
       91500
  69.535  -6.797  -2.394
  68.322  -9.140   0.263
  65.140 -10.736   1.513
  62.483 -10.794   4.145
  61.036 -12.817   7.069
  57.948 -14.734   8.278
  56.650 -15.311   4.829
  54.842 -13.496   1.998
  51.586 -13.138   0.125
  49.612 -13.599  -3.005
  47.814 -11.779  -5.864
  44.272 -10.905  -6.917
 continue
       92000
  70.868  -6.208  -2.208
  69.675  -8.937   0.162
  66.524 -10.818   1.022
  63.616 -11.347   3.389
  62.288 -13.882   5.811
  59.302 -16.082   6.497
  57.467 -15.190   3.286
  54.405 -13.600   1.779
  51.223 -14.096  -0.171
  49.978 -13.830  -3.719
  47.917 -11.976  -6.327
  44.870 -12.213  -8.590
 continue
       92500
  72.257  -5.889  -0.856
  70.615  -9.290  -0.488
  67.128 -10.732   0.079
  64.424 -11.419   2.663
  62.870 -14.227   4.594
  60.171 -16.812   5.024
  58.523 -15.743   1.684
  55.654 -13.929   0.144
  52.312 -14.562  -1.495
  50.420 -14.538  -4.836
  48.038 -12.726  -7.007
  44.601 -13.009  -8.503
 continue
       93000
  73.011  -5.698  -1.113
  71.299  -8.760   0.272
  68.069 -10.681   0.149
  64.845 -11.655   1.825
  63.141 -14.402   3.841
  60.673 -17.218   3.701
  59.580 -16.640   0.123
  56.835 -14.966  -1.896
  53.136 -15.208  -2.951
  50.696 -15.436  -5.779
  48.049 -13.508  -7.609
  44.298 -13.089  -8.052
 continue
       93500
  73.088  -5.049  -0.973
  71.573  -8.214   0.236
  69.003 -10.871  -0.358
  65.752 -12.425   0.776
  64.406 -15.454   2.509
  61.529 -17.986   2.394
  59.804 -17.045  -0.823
  56.758 -15.136  -2.103
  53.288 -15.633  -3.325
  51.150 -15.602  -6.404
  48.451 -13.976  -8.574
  44.738 -14.182  -9.380
 continue
       94000
  72.680  -4.760  -0.812
  71.506  -8.306  -0.991
  68.489 -10.504  -1.386
  66.154 -12.836   0.481
  65.274 -16.490   1.126
  62.647 -19.185   1.028
  60.405 -17.462  -1.545
  56.972 -16.074  -2.121
  53.944 -16.616  -4.255
  52.158 -15.491  -7.416
  48.818 -14.094  -8.747
  45.732 -15.078 -10.612
 continue
       94500
  72.209  -4.911  -2.067
  70.765  -8.408  -1.938
  67.553 -10.464  -1.540
  65.786 -13.100   0.543
  65.590 -16.834   0.947
  63.835 -20.021  -0.035
  61.752 -18.511  -2.789
  58.508 -16.894  -3.756
  55.185 -17.361  -5.602
  52.948 -16.149  -8.432
  49.774 -14.359  -8.914
  46.295 -14.778 -10.449
 continue
       95000
  70.264  -4.361  -2.440
  70.345  -8.156  -2.452
  68.237 -11.219  -2.938
  66.445 -13.842  -0.867
  66.246 -17.432   0.135
  64.359 -20.589  -0.548
  62.503 -19.415  -3.691
  59.574 -17.390  -4.880
  56.038 -17.860  -6.138
  53.785 -16.913  -8.940
  50.903 -14.673  -9.816
  47.158 -14.516 -10.226
 continue
       95500
  69.437  -4.340  -3.462
  69.888  -7.857  -2.435
  68.786 -11.315  -3.425
  66.960 -14.294  -2.050
  67.439 -18.009  -1.465
  65.778 -21.271  -2.468
  63.147 -19.607  -4.701
  59.591 -18.170  -4.574
  56.221 -18.545  -6.038
  54.222 -17.506  -9.097
  51.697 -14.867 -10.229
  48.246 -14.449 -11.550
 continue
       96000
  69.505  -4.497  -3.090
  69.753  -8.066  -4.213
  68.040 -11.376  -4.066
  67.957 -14.579  -2.066
  68.408 -18.313  -2.483
  66.476 -21.546  -2.979
  63.887 -20.229  -5.309
  60.600 -18.416  -5.696
  57.129 -18.880  -7.190
  54.871 -17.645  -9.888
  51.974 -15.282 -10.581
  48.329 -15.279 -11.622
 continue
       96500
  70.429  -4.611  -4.046
  70.323  -8.408  -4.405
  68.183 -11.539  -4.340
  67.409 -14.825  -2.554
  68.232 -18.477  -2.390
  67.610 -21.650  -4.279
  65.184 -20.006  -6.750
  61.761 -18.585  -7.212
  58.230 -19.089  -8.488
  55.543 -17.601 -10.755
  52.165 -16.038 -10.523
  48.431 -16.462 -11.117
 continue
       97000
  70.251  -4.382  -3.775
  71.164  -7.974  -4.392
  69.821 -11.431  -5.366
  69.057 -14.719  -3.741
  69.576 -18.447  -3.888
  68.034 -21.663  -5.068
  65.454 -20.022  -7.477
  61.913 -18.802  -7.550
  58.533 -19.509  -9.034
  55.759 -18.093 -11.220
  52.377 -16.452 -11.201
  48.813 -17.559 -11.602
 continue
       97500
  71.282  -4.100  -3.744
  72.238  -7.713  -4.188
  70.872 -10.817  -5.660
  69.474 -14.302  -5.119
  70.594 -17.867  -5.624
  69.038 -21.147  -6.783
  65.758 -19.958  -8.171
  62.017 -19.302  -7.519
  58.562 -20.235  -8.755
  56.021 -19.055 -11.200
  52.529 -17.653 -11.521
  49.177 -17.905 -13.265
 continue
       98000
  72.832  -4.251  -3.155
  72.853  -7.556  -4.876
  70.782 -10.516  -6.049
  70.230 -14.131  -5.068
  70.904 -17.718  -6.120
  69.528 -21.012  -7.436
  66.493 -19.558  -9.146
  62.719 -19.253  -8.828
  59.549 -20.510 -10.425
  56.478 -19.617 -12.426
  52.848 -18.487 -12.163
  49.331 -19.733 -12.476
 continue
       98500
  73.226  -4.303  -3.304
  73.249  -7.798  -4.723
  71.380 -10.680  -6.372
  70.244 -14.309  -5.881
  71.074 -17.987  -6.505
  70.112 -20.881  -8.647
  67.223 -18.920 -10.264
  63.529 -18.768 -10.056
  60.232 -20.341 -10.901
  56.999 -19.803 -12.843
  53.284 -19.730 -12.239
  50.054 -21.605 -12.621
 continue
       99000
  72.228  -4.478  -3.322
  73.520  -7.663  -4.848
  72.342 -10.597  -6.897
  71.519 -14.331  -6.685
  72.417 -17.639  -8.153
  71.035 -20.652  -9.945
  67.607 -19.223 -10.701
  63.931 -19.323  -9.814
  60.831 -21.081 -11.239
  57.432 -20.476 -12.773
  53.719 -20.532 -12.401
  50.392 -22.095 -13.574
 continue
       99500
  72.590  -4.837  -3.164
  73.253  -7.487  -5.714
  71.561 -10.566  -7.063
  71.570 -14.299  -7.279
  73.043 -17.182  -9.178
  72.156 -20.344 -10.891
  68.485 -19.601 -11.611
  64.963 -20.691 -10.581
  61.681 -22.003 -11.902
  58.274 -20.972 -13.054
  54.591 -20.865 -12.098
  51.245 -21.934 -13.390
 continue
      100000
  72.086  -4.868  -3.619
  72.758  -7.714  -5.958
  71.594 -11.016  -7.463
  72.118 -14.820  -7.483
  73.654 -17.591  -9.582
  73.100 -20.562 -11.897
  69.534 -19.477 -12.708
  65.918 -20.036 -11.650
  62.707 -21.665 -12.556
  59.106 -21.201 -13.651
  55.442 -20.984 -12.639
  52.547 -23.207 -12.084
 end
      100000
  72.086  -4.868  -3.619
  72.758  -7.714  -5.958
  71.594 -11.016  -7.463
  72.118 -14.820  -7.483
  73.654 -17.591  -9.582
  73.100 -20.562 -11.897
  69.534 -19.477 -12.708
  65.918 -20.036 -11.650
  62.707 -21.665 -12.556
  59.106 -21.201 -13.651
  55.442 -20.984 -12.639
  52.547 -23.207 -12.084
