           1
          12
    1 CA ALA
    2 CA ASP
    3 CA GLU
    4 CA ALA
    5 CA LEU
    6 CA PRO
    7 CA PHE
    8 CA LYS
    9 CA THR
   10 CA ILE
   11 CA ARG
   12 CA ALA
          12
         500
  -0.038   0.305  -0.616
   3.689   0.580  -0.192
   6.282   0.354   2.540
   8.589   2.443   4.590
  12.283   2.783   5.345
  14.885   2.636   8.071
  12.740   0.802  10.631
  10.578   1.276  13.672
  10.642   1.800  17.405
  10.542  -0.156  20.644
   8.984  -0.534  24.010
   9.549  -0.119  27.720
 continue
        1000
  -0.037   0.626  -1.745
   3.478   0.187  -0.379
   5.285   0.107   2.888
   7.884   1.962   4.951
  11.542   2.325   5.628
  14.544   1.921   7.987
  12.691   0.646  11.081
  11.473   1.764  14.469
  12.141   1.549  18.208
  10.827   0.050  21.428
   8.678   0.622  24.518
   8.915   1.495  28.180
 continue
        1500
  -0.086   0.891  -1.380
   3.067  -0.286   0.360
   5.250  -0.100   3.480
   7.905   1.636   5.414
  11.677   1.837   5.803
  14.599   1.319   8.160
  12.542   0.766  11.262
  11.622   2.247  14.629
  11.967   1.955  18.340
  10.272   0.781  21.502
   8.683   2.022  24.682
   9.124   2.280  28.421
 continue
        2000
  -0.775   0.180   0.925
   2.990  -0.222   1.324
   5.632   0.174   4.012
   8.785   1.985   5.011
  12.410   1.299   5.863
  14.810   0.767   8.793
  12.127   0.372  11.464
  10.438   2.250  14.263
  10.928   2.679  18.009
   9.729   1.784  21.474
   8.508   2.876  24.904
   9.670   3.327  28.449
 continue
        2500
  -1.288   0.757   1.777
   2.342  -0.321   2.243
   5.006  -0.317   4.872
   8.102   1.466   6.151
  11.844   1.240   6.119
  14.975   1.267   8.335
  13.043   0.430  11.550
  11.444   1.923  14.635
  11.594   2.692  18.334
   9.607   2.230  21.569
   7.874   4.096  24.318
   8.177   5.031  27.968
 continue
        3000
  -2.013   0.513   2.944
   1.671  -0.122   3.377
   4.575   0.022   5.835
   7.847   1.627   6.471
  11.601   0.896   6.706
  14.801   0.439   8.704
  12.977   0.675  12.018
  12.123   2.924  14.869
  12.361   3.207  18.624
  10.388   2.808  21.773
   7.509   4.179  23.760
   6.797   6.507  26.645
 continue
        3500
  -2.020   1.097   4.558
   1.457  -0.351   5.135
   4.700   0.332   6.902
   8.345   1.372   6.636
  11.969   0.339   6.668
  15.022   0.166   8.988
  12.862   0.352  12.081
  11.038   2.663  14.468
  11.364   4.278  17.845
  10.336   3.977  21.477
   7.729   4.811  24.096
   6.893   7.284  26.790
 continue
        4000
  -2.039   1.340   5.844
   1.449  -0.212   5.844
   4.816   0.024   7.533
   8.312   1.378   7.364
  11.863   0.237   6.919
  14.981   0.070   9.079
  13.015   0.066  12.323
  10.956   2.384  14.444
  11.042   4.336  17.672
   9.744   4.628  21.235
   7.709   6.714  23.676
   7.961   7.997  27.188
 continue
        4500
  -2.641   0.960   6.419
   0.914  -0.060   5.773
   4.329   0.034   7.427
   7.819   1.257   7.122
  11.432   0.094   7.190
  14.528  -0.033   9.396
  12.747   0.467  12.744
  12.159   3.040  15.456
  12.232   3.742  19.179
   9.934   4.711  21.986
   8.134   7.571  23.573
   8.206  10.061  26.439
 continue
        5000
  -2.572   1.264   4.946
   0.803  -0.209   5.841
   3.630  -0.072   8.228
   7.266   1.052   8.455
  10.889   0.016   8.237
  14.314  -0.453   9.874
  12.782   0.573  13.234
  11.656   3.509  15.313
  12.275   5.549  18.401
  10.914   5.829  21.894
   8.894   8.076  24.131
   8.985  10.945  26.596
 continue
        5500
  -2.692   1.187   4.614
   0.598  -0.274   5.666
   3.718   0.396   7.743
   7.440   0.868   7.679
  10.737  -0.717   8.709
  13.681  -0.528  11.067
  11.637   0.987  13.892
  10.612   4.197  15.578
  11.487   6.702  18.251
  11.759   7.272  21.979
  10.168   8.970  24.959
  10.341  11.976  27.167
 continue
        6000
  -2.709   0.797   3.579
   0.582  -0.491   4.945
   3.153   0.115   7.696
   6.674   1.263   8.415
  10.154  -0.107   8.899
  12.936  -0.366  11.441
  11.203   1.239  14.352
  10.837   4.541  16.206
  12.146   6.323  19.291
  11.021   8.076  22.472
  10.839  11.321  24.452
  12.234  13.176  27.452
 continue
        6500
  -2.510   0.919   2.835
   0.291  -0.705   4.855
   2.750  -0.106   7.630
   6.220   1.173   8.618
   9.624  -0.072   9.483
  12.237  -0.413  12.205
  10.735   2.247  14.518
  11.896   5.061  16.705
  12.062   6.168  20.297
  10.964   8.844  22.674
  11.796  12.309  23.979
  12.668  14.333  27.060
 continue
        7000
  -2.212   1.154   3.195
   0.427  -0.227   5.428
   2.937   0.638   8.113
   6.539   1.087   8.948
   9.643  -0.606  10.374
  11.890  -0.727  13.382
   9.967   2.125  15.101
  10.429   5.712  16.160
  12.174   7.822  18.714
  11.836   9.446  22.134
  11.338  12.474  24.256
  13.042  14.813  26.700
 continue
        7500
  -1.953   2.147   3.574
   0.384   0.416   5.941
   2.978   1.119   8.505
   6.686   0.983   9.263
   9.273  -0.933  11.260
  12.072  -0.821  13.843
  10.456   1.681  16.121
   9.898   5.373  16.727
  11.238   8.684  18.137
  12.228  10.323  21.377
  11.405  12.799  24.105
  12.764  15.898  25.754
 continue
        8000
  -2.212   3.193   4.502
   0.396   1.067   6.249
   2.906   1.245   9.098
   6.584   1.343  10.036
   9.271  -0.739  11.619
  11.588  -1.088  14.602
  10.015   1.756  16.486
  10.287   5.474  16.914
  12.196   8.114  18.678
  12.009  10.251  21.764
  11.088  13.618  23.226
  12.210  17.175  23.578
 continue
        8500
  -2.011   4.027   5.062
  -0.015   1.697   7.295
   2.618   1.638  10.050
   6.274   1.186  10.691
   8.915  -1.156  12.066
  11.240  -1.582  14.959
  10.339   1.862  16.393
  11.994   5.100  17.384
  11.941   7.649  20.134
  10.568  11.115  20.907
  11.347  14.852  20.996
  12.207  17.921  23.020
 continue
        9000
  -2.024   4.346   6.192
   0.150   2.357   8.568
   3.354   2.333  10.470
   6.770   0.822  10.959
   8.720  -1.698  12.855
  11.028  -1.749  15.882
   9.811   1.659  17.047
  10.936   5.241  17.038
  11.638   8.339  19.108
  10.584  11.801  19.973
  11.833  15.274  20.219
  12.133  18.314  22.468
 continue
        9500
  -2.045   4.597   6.739
   0.124   2.926   9.325
   3.662   2.651  10.618
   6.360   0.100  11.232
   8.091  -1.656  14.151
  11.098  -1.429  16.454
   9.917   2.034  17.619
  10.226   5.757  17.118
  12.056   8.660  18.645
  11.502  11.928  20.515
  11.012  15.657  20.266
  12.856  18.929  20.614
 continue
       10000
  -2.345   4.336   6.456
  -0.375   2.599   9.195
   2.836   2.813  11.297
   6.251   1.399  12.170
   8.066  -1.045  14.441
  10.715  -1.294  17.157
  10.007   2.187  18.486
  10.731   5.802  17.653
  12.579   8.955  18.489
  12.068  12.203  20.327
  11.334  15.854  19.572
  12.950  19.211  19.342
 continue
       10500
  -2.428   4.645   6.997
  -0.614   1.982   9.004
   1.973   1.932  11.698
   5.513   0.839  12.527
   7.587  -1.074  14.966
  10.600  -1.007  17.275
  10.345   2.536  18.444
  10.992   6.192  17.651
  12.394   9.509  18.893
  11.951  13.139  19.784
  12.127  16.791  18.865
  14.207  19.935  19.069
 continue
       11000
  -3.366   3.160   7.249
  -1.154   1.652   9.871
   1.944   2.196  11.980
   5.459   1.155  12.691
   7.653  -0.748  15.161
  10.071  -0.239  18.002
   9.342   3.523  18.459
  10.606   6.887  17.279
  12.729   9.908  18.220
  12.060  13.598  19.001
  13.156  17.133  18.218
  15.454  19.784  19.565
 continue
       11500
  -3.893   1.096   7.411
  -2.002   1.446  10.653
   1.179   2.456  12.387
   4.728   1.265  12.851
   7.150  -0.242  15.290
   9.389   0.550  18.258
   9.173   4.352  17.683
  11.233   7.413  16.917
  12.888  10.372  18.492
  12.849  14.054  19.193
  14.092  17.346  17.918
  16.250  20.342  18.868
 continue
       12000
  -4.892   1.264   7.846
  -2.304  -0.059  10.314
   0.169   1.089  12.894
   3.849   1.757  13.438
   6.834   0.385  15.305
   9.342   1.232  18.033
   9.106   5.010  18.107
  10.880   8.192  17.057
  13.526  10.703  18.060
  14.014  14.238  19.100
  14.816  17.628  17.622
  17.011  20.677  18.004
 continue
       12500
  -5.079   1.028   8.468
  -2.318  -0.008  10.745
   0.083   1.466  13.253
   3.690   2.015  13.941
   6.463   0.536  15.995
   9.724   1.492  17.695
   9.254   5.214  18.152
  10.274   8.574  16.781
  12.929  11.167  17.385
  13.515  14.807  18.434
  15.029  18.028  17.154
  18.077  20.051  17.652
 continue
       13000
  -5.693   0.767   9.312
  -2.795   0.986  11.731
   0.437   2.520  12.836
   4.017   1.738  13.672
   6.464   0.523  16.258
   9.298   1.472  18.600
   9.146   5.207  17.907
  11.030   8.105  16.485
  12.819  11.258  17.630
  13.119  15.026  17.629
  15.232  17.836  16.296
  17.613  20.604  17.152
 continue
       13500
  -5.706   2.222   9.361
  -2.933   1.889  12.002
   0.416   3.027  13.428
   3.892   1.761  14.206
   6.281   0.635  16.896
   9.403   1.533  18.885
   9.141   5.247  18.025
  11.186   8.005  16.449
  13.352  10.987  17.242
  13.129  14.715  17.114
  14.636  17.735  15.521
  16.396  21.124  16.135
 continue
       14000
  -4.953   4.414   9.723
  -2.666   2.410  11.963
   0.071   3.214  14.475
   3.714   2.599  14.972
   6.213   0.746  17.112
   9.610   1.195  18.637
   9.326   5.041  18.645
  10.252   8.169  16.778
  12.612  11.052  16.691
  13.030  14.796  16.885
  13.581  17.973  14.857
  16.119  20.589  13.948
 continue
       14500
  -5.337   5.609  10.582
  -2.768   3.707  12.579
   0.498   3.972  14.363
   4.132   2.954  14.699
   6.205   0.989  17.097
   9.176   1.545  19.391
   9.020   5.270  19.124
  10.099   8.141  16.918
  12.602  10.967  16.538
  12.919  14.761  16.451
  12.972  17.609  13.941
  15.221  20.137  12.415
 continue
       15000
  -5.152   5.390  10.542
  -3.099   5.642  13.686
   0.463   5.143  14.918
   3.369   2.812  15.498
   5.947   1.101  17.697
   9.150   1.756  19.610
   9.218   5.398  18.693
  10.517   8.008  16.266
  12.721  11.124  16.169
  12.627  14.818  15.475
  12.935  17.508  12.877
  14.773  20.654  11.889
 continue
       15500
  -5.760   6.786  11.823
  -3.282   5.030  14.066
   0.181   5.024  15.542
   3.513   3.341  15.480
   5.855   1.758  17.986
   9.046   2.321  19.882
   9.298   6.025  18.627
  10.621   8.276  15.916
  12.794  11.184  14.984
  12.545  14.939  14.484
  12.871  17.844  12.075
  14.953  20.951  11.360
 continue
       16000
  -6.299   6.808  12.811
  -4.039   4.657  14.940
  -0.577   5.069  16.222
   3.031   3.902  15.931
   5.918   2.234  17.650
   9.553   2.679  18.856
   9.709   6.472  18.440
  10.270   9.229  15.962
  12.471  12.060  14.834
  12.878  15.782  14.537
  13.079  18.418  11.885
  15.709  20.008   9.656
 continue
       16500
  -7.712   5.380  14.413
  -4.460   4.959  16.251
  -0.724   5.744  16.234
   2.716   4.356  15.676
   5.727   2.870  17.547
   9.259   3.402  18.793
   9.696   7.078  18.273
  10.205   9.794  15.632
  12.891  12.135  14.249
  13.406  15.826  13.592
  13.778  18.618  11.026
  16.277  20.860   9.345
 continue
       17000
  -8.263   5.000  16.001
  -4.761   5.116  17.421
  -1.061   5.815  16.855
   2.412   4.370  16.505
   5.482   3.601  18.421
   9.097   4.520  18.966
   8.930   7.784  17.024
  10.540   9.619  14.142
  12.881  12.362  13.248
  13.555  16.074  12.943
  14.419  18.847  10.510
  17.087  21.148   9.252
 continue
       17500
  -8.301   5.298  16.862
  -4.927   4.317  18.339
  -1.527   5.854  18.452
   2.037   5.290  17.318
   5.453   3.939  18.079
   9.138   4.682  18.268
   8.878   8.315  17.115
  10.018  10.248  14.154
  12.603  12.844  13.294
  13.040  16.294  11.921
  14.626  18.479   9.310
  17.456  20.895   8.580
 continue
       18000
  -8.590   5.518  18.198
  -5.016   4.697  19.072
  -1.342   5.795  18.842
   1.911   5.251  17.027
   5.390   3.936  18.051
   9.069   4.882  18.425
   8.677   8.461  17.284
   9.724  10.900  14.578
  12.555  13.120  13.203
  13.306  16.683  11.972
  14.113  18.562   8.834
  16.630  20.317   6.574
 continue
       18500
  -8.093   5.366  18.425
  -4.591   5.698  19.796
  -1.221   6.886  18.733
   2.243   5.673  17.697
   5.630   4.281  18.608
   9.388   5.008  18.762
   9.117   8.518  17.305
   9.485  10.484  14.115
  11.966  12.509  12.224
  13.245  15.916  11.348
  12.951  18.690   8.773
  15.081  20.269   6.168
 continue
       19000
  -7.903   7.051  18.738
  -4.381   6.231  19.821
  -0.672   6.915  19.473
   2.576   5.496  18.288
   5.927   4.462  19.580
   9.624   5.117  19.080
   9.431   8.441  17.197
   9.596   9.970  13.702
  11.788  12.214  11.686
  12.109  15.787  10.631
  11.784  18.284   7.756
  14.030  20.515   5.689
 continue
       19500
  -7.280   8.390  19.255
  -4.008   6.952  20.417
  -0.280   7.246  19.754
   2.753   5.496  18.501
   6.106   4.050  19.470
   9.789   4.781  19.089
   9.710   8.247  17.535
   9.589  10.126  14.227
  11.343  12.833  12.127
  10.976  16.147  10.278
  10.925  17.576   6.832
  12.591  19.839   4.284
 continue
       20000
  -6.992   8.486  20.259
  -3.267   8.209  21.095
   0.172   8.444  19.681
   2.934   6.088  18.486
   6.325   4.682  19.336
  10.099   5.000  18.941
   9.675   8.462  17.449
   9.057  10.226  14.311
  10.623  12.181  11.519
  10.649  15.572   9.916
   9.685  17.261   6.773
  10.952  18.781   3.645
 continue
       20500
  -6.762   9.374  21.313
  -3.084   8.788  21.773
   0.290   8.463  20.046
   2.992   5.974  19.397
   6.608   5.182  20.243
  10.177   5.506  18.921
   9.388   8.726  17.019
   8.582  10.111  13.544
  10.067  11.416  10.368
  10.912  14.777   8.790
   9.262  17.400   6.580
   8.761  18.639   3.009
 continue
       21000
  -6.587   9.836  22.242
  -3.041   8.531  22.663
   0.488   8.983  21.491
   3.387   7.377  19.838
   6.670   5.617  20.286
  10.202   5.562  18.929
   9.856   8.512  16.515
   8.545   9.657  13.106
   9.551  11.352   9.936
   9.468  14.479   8.039
   7.816  16.606   5.318
   8.530  18.537   2.117
 continue
       21500
  -6.219  10.335  23.900
  -2.531   9.298  24.050
   0.651   8.890  22.082
   3.119   6.689  20.220
   6.693   5.618  20.290
   9.988   6.005  18.361
   9.129   9.057  16.297
   8.132  10.303  12.892
   9.306  12.504  10.073
   8.219  15.161   7.548
   6.988  15.504   4.048
   8.061  16.717   0.701
 continue
       22000
  -5.238   9.613  26.499
  -1.657   9.944  25.243
   0.455   9.742  22.038
   2.793   7.409  20.328
   6.497   6.325  20.184
   9.852   6.905  18.440
   8.437   9.652  16.227
   7.028  10.360  12.892
   8.060  11.373   9.311
   7.844  14.239   6.773
   6.322  15.296   3.533
   7.361  15.908  -0.016
 continue
       22500
  -5.044   9.830  27.799
  -1.378  10.084  26.747
   0.858  10.164  23.829
   3.061   8.181  21.597
   6.566   7.266  20.825
   9.445   7.526  18.305
   7.848   9.802  15.689
   6.590   9.976  12.124
   7.424  10.468   8.526
   7.567  13.253   6.009
   5.911  14.993   3.104
   5.540  15.322  -0.692
 continue
       23000
  -4.471  11.140  28.842
  -1.187   9.776  27.507
   1.633  10.340  25.046
   3.325   9.064  22.007
   6.514   7.542  20.688
   9.546   7.712  18.316
   7.990  10.204  15.857
   6.189  10.157  12.491
   6.681  10.655   8.769
   6.000  13.084   5.949
   4.286  13.666   2.526
   4.873  13.989  -1.176
 continue
       23500
  -3.732  11.319  29.250
  -0.165  11.461  27.894
   1.695  10.966  24.600
   3.644   8.677  22.407
   7.123   7.706  21.158
   9.556   7.775  18.221
   7.485  10.115  16.112
   5.834  10.206  12.704
   6.040  11.530   9.165
   4.268  13.202   6.218
   2.858  12.260   2.874
   3.661  12.248  -0.788
 continue
       24000
  -2.758  12.192  29.986
   0.303  12.205  27.627
   1.517  11.305  24.207
   3.723   8.814  22.399
   7.356   8.468  21.644
   9.910   9.009  18.815
   7.581  10.396  16.126
   5.501   9.616  13.153
   5.562   9.887   9.385
   3.766  11.634   6.611
   1.450  11.828   3.683
   0.953  12.207  -0.083
 continue
       24500
  -3.211  12.381  29.245
   0.275  12.921  27.861
   2.320  12.250  24.720
   4.691   9.900  23.136
   8.201   9.248  21.781
  10.191   8.764  18.552
   7.572  10.165  16.084
   4.973   9.061  13.543
   4.300   9.095   9.794
   2.987  11.265   6.900
  -0.251  11.741   4.974
  -1.683  11.146   1.534
 continue
       25000
  -2.554  14.517  29.066
   0.585  12.681  27.955
   3.111  12.422  25.243
   4.760  10.153  22.792
   8.092   9.030  21.472
  10.447   8.709  18.444
   8.017  10.304  16.171
   4.849   9.910  14.220
   3.323   9.568  10.806
   1.063  11.098   8.184
  -2.178  10.531   6.402
  -3.843   9.804   3.191
 continue
       25500
  -1.514  14.960  29.829
   1.674  14.359  27.842
   3.076  13.103  24.594
   5.167  10.319  23.293
   8.386   9.200  21.724
   9.965   8.522  18.286
   7.288  10.432  16.349
   4.062   9.927  14.459
   2.444   9.729  11.037
  -0.574  11.017   9.220
  -3.937   9.867   7.796
  -5.849   8.309   4.928
 continue
       26000
   0.060  15.982  31.016
   2.331  15.376  27.960
   3.163  13.432  24.748
   5.549  10.982  23.315
   8.684  10.550  21.228
   9.671   9.650  17.713
   6.217  10.596  16.193
   3.100   8.773  14.959
   1.113   8.060  11.916
  -1.687   9.455   9.792
  -5.374   9.190   9.147
  -7.934   8.841   6.297
 continue
       26500
   1.059  16.476  31.444
   3.809  16.160  28.821
   4.330  14.967  25.291
   5.750  12.181  23.181
   8.366  11.189  20.801
   8.793   9.704  17.318
   5.165  10.173  16.177
   1.830   8.673  15.678
  -0.255   7.739  12.592
  -3.158   8.760  10.437
  -6.893   8.678  10.077
  -9.553   7.329   7.832
 continue
       27000
   3.418  18.612  31.836
   5.118  16.486  29.256
   5.180  15.450  25.641
   5.157  12.604  23.219
   7.649  10.867  20.892
   8.027   9.672  17.307
   4.639  10.641  16.061
   0.961   9.790  15.543
  -1.493   8.355  13.060
  -4.973   8.845  11.469
  -8.338   7.260  11.480
 -10.688   5.336   9.309
 continue
       27500
   5.175  19.257  32.056
   6.269  17.944  28.740
   5.373  16.225  25.489
   6.113  12.948  23.768
   7.543  11.253  20.634
   6.882   9.653  17.177
   3.272  10.865  16.698
  -0.235   9.569  16.306
  -2.719   8.421  13.718
  -6.331   8.566  12.766
  -9.586   6.454  12.931
 -11.761   4.381  10.646
 continue
       28000
   6.817  19.560  31.603
   7.123  18.486  27.952
   5.290  16.786  25.185
   5.357  13.628  23.048
   6.928  12.075  20.040
   6.153  10.819  16.540
   2.352  10.698  17.066
  -0.551   8.282  17.457
  -3.470   6.773  15.811
  -6.863   7.619  14.509
 -10.384   6.311  14.395
 -13.353   5.576  12.085
 continue
       28500
   7.107  20.002  30.948
   7.236  19.215  27.263
   5.707  16.836  24.642
   6.475  13.780  22.696
   6.851  12.690  19.143
   5.257  10.697  16.480
   1.602  10.695  17.568
  -1.187   8.257  18.119
  -4.231   6.853  16.187
  -7.849   7.566  15.308
 -11.483   7.026  16.033
 -14.545   4.933  15.385
 continue
       29000
   6.960  20.792  29.900
   7.480  18.924  26.639
   5.608  17.083  23.995
   5.084  13.690  22.339
   6.070  11.595  19.407
   5.106  10.085  16.091
   1.608  11.459  15.811
  -1.605  10.321  17.440
  -4.780   8.302  17.107
  -8.600   8.388  17.328
 -11.542   6.679  18.848
 -14.603   4.649  18.244
 continue
       29500
   6.309  20.701  29.471
   6.883  19.343  26.052
   5.515  17.146  23.340
   5.903  13.799  21.600
   6.346  12.023  18.265
   4.603  10.132  15.422
   0.997  11.156  16.247
  -2.191   9.777  17.728
  -5.825   9.097  17.403
  -9.139   9.501  19.019
 -11.756   7.627  21.060
 -14.206   4.740  21.374
 continue
       30000
   6.781  20.671  28.878
   6.157  19.671  25.349
   4.612  16.882  23.282
   5.498  13.965  21.072
   5.574  13.078  17.319
   3.753  11.342  14.464
   0.322  11.375  16.142
  -1.946   9.533  18.520
  -5.194   7.797  19.318
  -8.786   8.406  20.138
 -11.304   8.411  22.961
 -14.940   7.425  23.688
 continue
       30500
   6.874  20.499  28.344
   6.013  20.300  24.631
   4.381  17.886  22.305
   4.866  14.816  20.068
   4.598  13.601  16.592
   2.452  11.519  14.310
  -0.515  11.471  16.661
  -1.859   9.847  19.738
  -5.008   8.217  21.119
  -8.866   8.609  21.286
 -11.641   9.390  23.727
 -14.222   7.747  25.910
 continue
       31000
   6.513  22.402  27.438
   7.036  20.663  24.147
   5.374  18.738  21.286
   4.637  15.354  19.903
   4.110  13.524  16.686
   1.626  11.870  14.467
  -1.632  12.147  16.403
  -3.388  10.965  19.479
  -6.227   8.879  20.876
  -9.501   9.099  22.707
 -11.328   9.155  25.993
 -13.877   7.461  28.149
 continue
       31500
   8.139  23.392  25.727
   7.180  21.815  22.480
   4.460  19.657  21.040
   3.668  16.067  20.072
   3.233  13.733  17.095
   0.881  11.664  14.933
  -2.285  12.576  16.909
  -4.264  11.298  20.040
  -7.633  10.291  21.450
  -9.926  11.036  24.344
 -11.204   9.408  27.497
 -12.773   6.161  28.703
 continue
       32000
   9.429  24.506  23.134
   6.723  22.599  21.426
   4.685  19.503  21.231
   4.286  16.144  19.429
   2.321  14.869  16.453
  -0.874  13.240  15.105
  -3.296  13.503  18.084
  -4.574  11.950  21.253
  -7.391  10.045  22.896
 -10.131  10.223  25.420
 -11.608   8.980  28.692
 -14.407   6.984  30.155
 continue
       32500
  10.412  23.653  21.551
   7.065  23.178  19.942
   4.059  20.802  19.979
   2.826  17.488  18.628
   0.497  15.731  16.185
  -2.717  13.822  16.098
  -3.591  13.593  19.751
  -4.149  11.411  22.703
  -6.876   9.625  24.493
 -10.143  10.213  26.396
 -11.862   9.653  29.655
 -14.870   7.895  31.190
 continue
       33000
  10.123  24.215  20.452
   7.767  22.166  18.237
   4.104  21.179  18.123
   1.912  18.121  18.723
  -0.154  15.490  17.048
  -3.578  14.228  16.253
  -5.001  14.564  19.800
  -5.197  12.777  23.135
  -7.525  10.363  24.971
 -10.426  10.339  27.318
 -11.506  10.214  30.965
 -13.085   8.161  33.791
 continue
       33500
   9.851  24.718  18.364
   7.454  21.861  17.734
   3.859  20.731  17.376
   1.293  18.152  18.361
  -0.842  15.500  16.918
  -4.317  14.074  16.456
  -5.931  15.106  19.790
  -6.590  13.624  23.268
  -8.992  12.131  25.675
 -10.348  12.327  29.139
  -9.821  10.804  32.511
 -10.743   7.920  34.690
 continue
       34000
   9.294  23.769  17.965
   6.301  22.190  16.402
   2.819  21.001  17.162
   0.607  18.001  17.549
  -2.289  15.986  15.940
  -5.836  14.710  16.490
  -6.262  15.409  20.247
  -6.295  13.699  23.684
  -8.529  13.158  26.732
  -8.437  13.296  30.550
  -8.495  11.063  33.663
 -10.661   9.711  36.420
 continue
       34500
   8.664  22.758  16.219
   4.965  22.234  16.673
   2.220  20.010  17.903
  -0.467  17.497  16.845
  -4.145  17.331  16.091
  -7.500  16.217  17.579
  -6.184  15.842  21.104
  -5.403  13.583  23.930
  -6.754  12.425  27.227
  -7.505  13.598  30.703
  -7.448  12.631  34.320
  -9.945  12.451  37.215
 continue
       35000
   8.020  21.751  15.423
   4.237  21.728  15.846
   1.475  19.711  17.533
  -1.407  17.482  16.652
  -5.097  17.191  16.078
  -8.241  16.201  17.840
  -6.911  16.634  21.365
  -5.988  15.100  24.580
  -7.573  14.094  27.804
  -7.587  14.739  31.529
  -6.213  13.746  34.883
  -7.171  12.821  38.443
 continue
       35500
   7.526  21.229  15.100
   4.026  19.795  14.952
   0.370  20.074  15.957
  -2.260  18.129  17.745
  -5.497  16.380  17.042
  -8.996  15.875  18.282
  -8.167  17.397  21.721
  -7.230  16.100  25.217
  -8.529  16.111  28.787
  -7.206  16.384  32.327
  -4.828  14.594  34.694
  -4.825  12.610  37.863
 continue
       36000
   6.604  19.899  14.850
   2.861  19.819  14.537
  -0.228  19.505  16.585
  -3.216  17.253  17.265
  -6.905  16.717  16.838
 -10.114  16.732  18.955
  -8.370  18.083  22.031
  -6.678  16.961  25.300
  -7.306  16.131  28.952
  -6.404  16.975  32.471
  -4.367  15.672  35.317
  -3.876  14.102  38.640
 continue
       36500
   5.179  19.153  13.179
   2.240  19.592  15.484
  -0.763  17.926  17.036
  -4.345  17.080  16.260
  -7.872  18.205  17.356
 -10.617  17.873  19.972
  -8.116  18.364  22.788
  -6.224  16.523  25.374
  -6.323  15.770  29.061
  -4.925  17.261  32.252
  -3.455  16.465  35.611
  -3.970  17.069  39.268
 continue
       37000
   4.694  18.295  12.666
   1.058  18.959  13.440
  -1.527  18.278  16.104
  -4.888  16.752  16.769
  -8.374  17.806  17.452
 -10.626  18.611  20.366
  -8.060  18.203  23.152
  -7.429  16.923  26.594
  -6.729  17.892  30.141
  -4.134  18.417  32.888
  -2.665  17.022  36.080
  -2.275  17.606  39.876
 continue
       37500
   3.279  16.931  11.113
  -0.175  17.656  12.656
  -2.300  18.985  15.456
  -4.636  17.965  18.222
  -8.143  17.063  19.029
 -11.070  17.783  21.265
  -9.136  19.591  23.994
  -6.824  18.688  26.834
  -6.645  18.635  30.630
  -4.358  19.697  33.388
  -1.668  18.406  35.766
  -1.103  17.336  39.356
 continue
       38000
   1.868  16.732  10.588
  -1.310  17.664  12.294
  -3.203  17.720  15.573
  -6.262  16.890  17.476
  -9.392  18.230  19.141
 -11.119  18.800  22.485
  -8.066  20.206  24.232
  -5.634  19.489  27.131
  -5.355  18.939  30.843
  -4.333  20.399  34.203
  -1.362  20.533  36.451
   0.064  18.907  39.453
 continue
       38500
  -0.700  15.608  10.162
  -2.681  17.735  12.565
  -3.493  17.936  16.203
  -6.280  17.161  18.661
  -9.537  18.726  19.891
 -11.297  20.226  22.987
  -7.908  20.286  24.740
  -5.741  18.642  27.301
  -4.927  19.468  30.886
  -2.302  21.148  32.925
  -0.305  20.740  36.082
  -0.076  21.859  39.626
 continue
       39000
  -0.940  15.222  10.181
  -3.916  16.641  12.069
  -4.901  18.046  15.370
  -7.107  17.318  18.302
 -10.075  18.566  20.235
 -11.436  20.100  23.455
  -8.118  20.679  25.199
  -6.117  20.050  28.310
  -4.535  21.629  31.333
  -1.478  21.995  33.588
   0.099  21.352  36.925
   2.261  22.941  39.667
 continue
       39500
  -2.229  15.324   9.822
  -4.580  15.308  12.805
  -6.419  17.453  15.426
  -7.128  18.085  18.968
  -9.965  18.392  21.373
 -11.537  20.540  24.022
  -8.424  21.702  25.911
  -6.007  20.998  28.662
  -4.456  22.375  31.803
  -1.203  23.508  33.297
   1.472  22.433  35.767
   2.559  23.191  39.327
 continue
       40000
  -3.418  13.936  11.121
  -6.242  15.789  12.936
  -6.895  17.983  15.852
  -7.831  17.838  19.518
 -10.555  18.368  22.026
 -11.554  20.429  25.086
  -8.440  22.327  26.041
  -5.041  22.006  27.741
  -3.599  22.242  31.238
  -1.736  24.372  33.836
   1.679  24.546  35.511
   3.862  23.668  38.391
 continue
       40500
  -5.585  14.291  11.255
  -7.025  16.200  14.136
  -6.702  17.014  17.809
  -8.777  16.937  20.900
 -11.295  19.199  22.633
 -11.846  21.718  25.513
  -8.182  22.574  26.068
  -4.979  21.451  27.758
  -3.047  22.098  30.954
  -0.988  24.541  32.850
   2.394  25.416  34.224
   4.088  25.725  37.547
 continue
       41000
  -6.880  13.852  11.785
  -7.267  16.390  14.620
  -7.416  17.041  18.313
  -9.648  17.179  21.273
 -11.926  19.505  23.212
 -12.202  21.489  26.419
  -8.431  22.263  26.569
  -5.635  21.982  29.077
  -3.283  24.124  31.075
   0.305  25.204  31.670
   3.365  24.991  33.823
   5.782  26.917  36.062
 continue
       41500
  -6.504  13.985  12.906
  -9.075  15.466  15.298
  -9.199  17.913  18.212
  -9.549  18.294  21.953
 -11.881  19.341  24.601
 -12.416  21.914  27.346
  -8.667  22.572  27.392
  -5.758  22.713  29.682
  -3.166  25.036  31.188
   0.565  25.794  30.748
   3.712  25.378  32.804
   6.798  26.912  34.351
 continue
       42000
  -7.087  14.161  13.814
  -9.490  15.276  16.582
 -10.378  18.073  18.944
 -10.395  18.913  22.600
 -12.360  19.878  25.730
 -12.295  22.126  28.747
  -9.164  23.846  27.725
  -5.412  23.447  28.001
  -2.201  23.908  29.965
   0.457  26.270  31.305
   4.155  27.251  31.303
   7.449  26.522  33.015
 continue
       42500
  -9.330  14.022  14.276
 -10.537  16.249  17.018
  -9.586  18.021  20.261
 -10.342  18.397  23.931
 -12.625  20.297  26.270
 -12.334  22.619  29.329
  -9.346  24.696  28.233
  -5.533  24.538  27.960
  -2.205  24.260  29.722
   0.822  26.133  30.866
   4.253  27.402  30.098
   7.884  26.954  31.035
 continue
       43000
 -11.128  14.171  15.575
 -10.977  17.469  17.470
 -10.063  18.880  20.787
 -11.200  18.631  24.389
 -12.785  20.574  27.188
 -12.231  23.296  29.744
  -8.841  24.217  28.094
  -5.167  23.758  28.629
  -2.232  25.502  30.186
   0.906  27.237  29.016
   4.554  26.535  28.497
   7.916  27.354  29.846
 continue
       43500
 -11.271  15.211  14.966
 -12.584  16.022  18.414
 -12.584  18.706  21.102
 -11.710  19.400  24.681
 -12.931  21.078  27.807
 -12.260  23.714  30.372
  -8.950  24.945  29.127
  -5.213  24.832  29.670
  -1.777  26.456  29.590
   1.601  26.922  27.886
   5.271  26.381  28.305
   8.697  28.015  28.004
 continue
       44000
 -12.947  14.586  16.074
 -14.116  16.566  19.032
 -12.971  19.186  21.556
 -12.247  19.873  25.195
 -13.108  21.983  28.176
 -11.565  23.959  31.010
  -8.451  25.382  29.445
  -4.817  24.720  28.820
  -1.399  26.316  29.259
   1.597  27.413  27.264
   5.370  26.977  26.649
   8.753  28.370  27.754
 continue
       44500
 -16.689  15.089  17.927
 -14.625  17.780  19.585
 -12.240  18.679  22.271
 -11.711  19.563  25.985
 -12.438  22.083  28.740
 -11.105  25.085  30.628
  -8.390  25.856  28.013
  -4.726  24.996  27.521
  -1.288  25.759  28.607
   1.788  27.927  28.055
   5.092  27.869  26.187
   8.764  28.623  26.534
 continue
       45000
 -18.881  16.298  20.007
 -15.738  18.125  20.617
 -12.589  18.277  22.766
 -11.473  19.630  26.088
 -12.172  22.262  28.704
 -10.802  25.361  30.385
  -8.168  25.798  27.671
  -4.465  25.431  27.128
  -1.146  26.800  28.427
   1.818  28.592  27.106
   5.159  28.170  25.529
   8.882  28.114  26.052
 continue
       45500
 -20.480  17.186  21.203
 -16.939  18.547  21.357
 -13.660  18.261  23.171
 -11.984  19.926  26.183
 -12.201  22.269  29.171
 -10.632  25.248  30.737
  -7.996  26.005  28.191
  -4.200  26.217  28.049
  -1.046  28.326  27.549
   2.022  28.467  25.332
   5.645  27.561  25.205
   9.253  28.683  25.421
 continue
       46000
 -20.912  17.232  21.465
 -18.208  19.475  22.682
 -14.693  19.466  24.051
 -12.565  20.389  27.090
 -12.352  22.979  29.729
 -10.556  26.022  31.032
  -7.837  26.314  28.385
  -4.223  25.505  27.924
  -0.797  26.832  27.330
   1.999  27.253  24.766
   5.786  27.859  24.705
   8.481  30.304  23.937
 continue
       46500
 -20.772  16.940  22.016
 -18.862  19.942  23.151
 -15.566  21.123  24.595
 -13.826  21.701  27.915
 -12.765  24.422  30.418
  -9.789  26.306  31.712
  -7.456  25.742  28.759
  -4.002  24.498  27.900
  -0.624  25.962  27.159
   1.299  27.995  24.680
   4.591  28.309  22.796
   8.142  29.819  22.946
 continue
       47000
 -20.414  18.253  21.151
 -19.286  19.248  24.554
 -17.407  21.941  26.294
 -13.950  22.740  27.699
 -11.972  23.276  30.850
  -9.754  25.816  32.634
  -7.883  27.325  29.684
  -4.817  26.601  27.537
  -1.100  27.169  27.013
   1.323  28.388  24.457
   3.680  27.405  21.776
   7.331  27.948  20.852
 continue
       47500
 -21.253  19.672  21.859
 -19.086  19.837  24.888
 -16.875  22.119  26.922
 -13.435  22.807  28.284
 -11.573  23.445  31.489
  -9.527  25.909  33.413
  -7.858  27.387  30.250
  -5.168  27.000  27.659
  -1.875  28.409  26.385
   0.178  29.055  23.210
   2.443  27.187  20.817
   5.828  25.981  20.103
 continue
       48000
 -21.443  19.682  23.416
 -19.236  22.328  25.050
 -15.845  23.203  26.542
 -13.773  22.899  29.652
 -12.296  24.657  32.627
  -9.301  26.411  33.960
  -7.815  27.043  30.584
  -5.501  25.901  27.774
  -2.299  26.861  26.009
  -0.836  28.242  22.793
   1.163  27.293  19.746
   4.749  27.654  18.502
 continue
       48500
 -21.591  21.064  23.710
 -19.570  23.142  26.136
 -16.116  23.679  27.581
 -13.865  23.509  30.669
 -12.208  25.567  33.320
  -8.801  27.307  33.881
  -7.611  26.914  30.284
  -5.497  25.085  27.786
  -2.175  25.483  26.066
  -0.730  27.380  23.245
   0.292  27.339  19.555
   2.214  29.414  16.955
 continue
       49000
 -22.074  22.263  24.394
 -20.161  23.100  27.528
 -17.352  25.167  28.902
 -13.802  24.622  30.110
 -11.580  24.817  33.267
  -8.274  26.098  34.553
  -7.014  27.309  31.145
  -5.415  26.179  27.939
  -2.421  26.499  25.767
  -0.600  28.133  22.754
   0.600  27.301  19.247
   0.488  28.520  15.714
 continue
       49500
 -23.082  23.549  26.081
 -20.625  24.740  28.638
 -16.856  25.221  29.082
 -13.769  23.691  30.675
 -11.247  24.165  33.410
  -7.837  25.540  34.360
  -6.967  27.341  31.188
  -4.973  26.999  28.023
  -2.197  28.381  25.724
  -1.758  28.938  22.040
  -0.098  27.367  19.103
  -0.042  27.431  15.349
 continue
       50000
 -23.571  24.895  28.069
 -20.091  26.046  29.168
 -16.497  25.070  29.397
 -13.899  23.575  31.702
 -11.271  24.726  34.071
  -7.855  26.158  34.377
  -7.334  27.167  30.729
  -5.331  26.155  27.615
  -2.785  27.645  25.268
  -2.335  28.926  21.789
  -0.257  28.878  18.680
  -0.446  27.947  15.002
 continue
       50500
 -23.847  25.217  28.582
 -20.954  26.173  30.697
 -17.127  26.416  30.636
 -13.812  24.927  31.654
 -10.974  25.055  34.145
  -7.309  26.001  34.585
  -6.740  27.490  31.015
  -5.951  26.626  27.390
  -3.319  26.632  24.730
  -2.277  28.375  21.529
  -2.225  28.316  17.731
  -0.411  29.992  14.933
 continue
       51000
 -24.082  26.293  29.437
 -21.173  25.905  31.813
 -17.736  27.080  32.663
 -14.057  26.106  32.443
 -10.780  25.650  34.389
  -7.017  25.535  33.851
  -6.937  27.128  30.475
  -6.278  26.383  26.866
  -3.696  26.642  24.098
  -2.200  28.652  21.316
  -2.612  29.920  17.784
  -1.498  29.331  14.221
 continue
       51500
 -24.304  27.406  32.256
 -20.688  26.898  33.215
 -17.115  27.483  32.067
 -13.775  25.791  31.606
 -10.757  25.013  33.706
  -6.966  24.967  33.630
  -7.106  27.189  30.649
  -6.945  27.073  26.940
  -4.558  27.566  24.084
  -3.847  29.835  21.131
  -3.324  29.727  17.392
  -1.064  28.756  14.483
 continue
       52000
 -23.747  29.061  33.978
 -19.984  28.757  33.889
 -17.174  26.891  32.174
 -14.308  24.614  32.893
 -10.719  24.621  33.992
  -7.071  24.762  33.108
  -7.743  27.297  30.270
  -7.042  27.448  26.610
  -4.853  29.179  24.111
  -4.581  30.212  20.447
  -3.265  29.099  17.026
  -1.586  29.939  13.766
 continue
       52500
 -23.536  29.526  34.654
 -19.753  29.226  34.984
 -16.538  28.584  33.158
 -13.727  26.145  32.673
 -10.490  25.071  34.145
  -6.869  24.955  33.133
  -7.872  26.950  30.049
  -7.507  26.695  26.216
  -5.759  28.606  23.454
  -5.874  29.687  19.863
  -3.797  29.753  16.755
  -1.665  31.828  14.393
 continue
       53000
 -23.441  30.889  34.821
 -20.177  29.327  35.786
 -16.496  29.295  34.869
 -13.701  27.336  33.261
 -10.474  25.595  34.194
  -7.028  24.763  32.792
  -7.486  26.820  29.632
  -7.657  26.938  25.842
  -5.366  27.684  22.864
  -4.447  30.187  20.237
  -4.929  31.372  16.707
  -3.396  31.938  13.332
 continue
       53500
 -22.685  32.640  36.125
 -19.876  30.091  36.099
 -16.321  29.433  35.019
 -13.772  27.422  32.918
 -10.912  24.846  32.828
  -7.204  24.315  32.212
  -6.602  27.335  29.894
  -6.874  28.627  26.392
  -5.177  28.503  23.161
  -3.943  30.388  20.123
  -5.597  31.785  17.026
  -6.201  31.310  13.349
 continue
       54000
 -21.423  33.164  36.660
 -18.101  31.416  36.580
 -14.772  30.579  34.791
 -13.094  27.687  32.948
 -10.605  24.877  33.367
  -7.273  23.620  32.006
  -6.586  26.734  29.897
  -7.304  28.546  26.699
  -5.976  29.141  23.162
  -5.782  31.558  20.304
  -7.069  32.146  16.784
  -5.727  31.361  13.289
 continue
       54500
 -19.430  35.060  37.034
 -16.575  32.566  37.023
 -14.741  30.359  34.691
 -12.928  27.073  34.475
  -9.494  25.495  34.540
  -6.616  24.474  32.418
  -7.177  26.731  29.519
  -7.955  26.995  25.805
  -6.594  28.738  22.760
  -7.526  31.051  19.885
  -7.292  31.831  16.216
  -5.516  34.172  13.834
 continue
       55000
 -18.226  36.153  37.826
 -15.838  33.376  37.827
 -13.468  31.241  35.795
 -12.359  27.823  34.652
  -9.273  25.801  34.418
  -6.445  24.705  32.122
  -7.553  26.564  28.930
  -8.061  26.462  25.200
  -6.954  27.964  21.932
  -7.501  31.169  20.022
  -8.097  32.522  16.508
  -6.379  34.601  13.991
 continue
       55500
 -17.471  35.160  39.028
 -13.826  34.304  38.570
 -11.707  32.466  36.105
 -11.750  29.431  33.826
 -10.432  25.887  33.376
  -7.872  23.720  31.725
  -6.505  26.529  29.476
  -7.655  28.880  26.621
  -7.771  29.282  22.866
  -6.770  31.417  19.944
  -8.247  33.145  16.958
  -8.725  32.604  13.180
 continue
       56000
 -15.927  35.525  41.291
 -12.886  35.019  39.111
 -11.649  32.941  36.159
 -12.124  29.710  34.158
 -10.400  26.389  33.608
  -8.095  24.434  31.348
  -6.663  27.494  29.592
  -6.382  29.647  26.542
  -7.977  30.377  23.201
  -8.003  30.274  19.490
  -7.934  32.429  16.424
 -10.096  33.500  13.454
 continue
       56500
 -14.343  34.486  42.502
 -12.285  35.536  39.569
 -10.675  34.183  36.423
 -11.139  31.067  34.328
 -10.204  27.456  34.011
  -8.266  25.216  31.736
  -6.671  27.804  29.449
  -6.897  29.964  26.351
  -9.278  31.134  23.621
  -9.819  30.455  19.818
  -8.688  31.433  16.310
  -9.018  34.214  13.847
 continue
       57000
 -13.305  36.033  43.305
 -10.715  35.918  40.562
  -9.679  33.881  37.613
 -10.979  31.064  35.413
 -10.107  27.610  34.151
  -8.759  25.842  31.156
  -7.214  29.002  29.645
  -7.410  31.318  26.658
  -9.103  31.987  23.402
  -9.751  31.195  19.838
  -8.966  32.079  16.290
 -10.449  33.890  13.323
 continue
       57500
 -10.876  38.352  44.391
 -10.823  35.248  42.356
  -9.462  33.717  39.122
 -10.172  32.130  35.721
 -10.114  28.695  34.152
  -8.203  26.515  31.672
  -7.118  29.611  29.712
  -7.938  31.699  26.642
  -9.508  31.751  23.152
  -8.880  32.173  19.488
  -9.995  33.988  16.375
 -11.848  33.703  12.993
 continue
       58000
  -9.463  39.347  45.319
 -10.627  36.426  43.153
  -9.529  33.534  41.060
  -8.427  32.093  37.677
  -9.224  30.163  34.479
  -7.752  27.640  32.178
  -7.649  29.811  29.081
  -9.439  30.976  25.998
  -9.657  30.812  22.248
  -9.069  32.991  19.106
 -10.744  35.354  16.661
 -12.019  35.141  13.195
 continue
       58500
  -9.423  38.887  46.555
  -9.669  36.380  43.831
  -7.807  34.230  41.218
  -7.479  33.918  37.479
  -8.708  31.579  34.865
  -8.066  28.458  32.774
  -8.162  30.042  29.343
 -10.066  30.710  26.180
 -10.081  31.472  22.461
 -10.236  34.206  19.894
 -11.768  35.464  16.676
 -11.371  35.959  12.962
 continue
       59000
  -8.241  38.761  47.141
  -7.305  36.584  44.134
  -7.952  35.981  40.493
  -9.459  33.380  38.090
  -8.786  30.464  35.668
  -7.901  29.278  32.190
  -8.105  32.358  29.987
 -10.267  33.284  26.957
 -10.144  33.133  23.209
  -9.923  34.872  19.893
 -11.764  35.970  16.805
 -12.112  35.214  13.083
 continue
       59500
  -7.185  38.633  46.341
  -6.702  38.049  42.720
  -8.266  36.446  39.699
  -9.121  33.094  38.206
  -7.587  30.734  35.760
  -7.921  30.074  32.050
  -9.112  33.678  31.132
 -10.352  35.455  28.088
 -11.423  34.831  24.504
 -10.189  35.093  20.900
 -10.899  36.576  17.470
 -12.801  35.869  14.346
 continue
       60000
  -6.813  41.106  45.932
  -5.839  38.413  43.512
  -7.217  36.997  40.320
  -8.443  33.862  38.580
  -7.786  31.367  35.761
  -7.677  30.746  32.046
  -8.593  34.164  30.663
 -10.678  36.024  28.080
 -12.720  35.354  25.019
 -12.568  35.217  21.262
 -11.112  36.857  18.235
 -12.263  38.963  15.309
 continue
       60500
  -6.900  42.271  46.369
  -5.847  39.539  43.962
  -5.762  38.071  40.416
  -7.771  36.571  37.506
  -8.532  33.207  35.922
  -7.938  30.724  33.095
  -8.192  33.300  30.386
 -10.542  35.379  28.200
 -13.147  35.403  25.408
 -13.834  36.802  22.022
 -12.350  38.238  18.819
 -12.451  41.482  16.865
 continue
       61000
  -5.785  44.092  45.110
  -5.713  40.633  43.606
  -5.964  39.386  40.026
  -7.731  36.924  37.629
  -7.700  33.411  36.212
  -8.177  31.384  33.080
  -8.842  34.408  30.860
 -11.737  36.064  29.188
 -13.671  35.973  26.038
 -13.888  37.499  22.578
 -12.510  39.927  20.056
 -13.085  43.369  18.746
 continue
       61500
  -4.936  45.473  44.223
  -4.836  42.482  41.918
  -6.323  40.393  39.081
  -7.932  36.964  38.687
  -7.220  33.766  36.673
  -8.393  31.783  33.684
  -9.251  34.760  31.388
 -12.201  36.512  29.949
 -13.985  36.864  26.627
 -14.120  38.710  23.309
 -12.841  41.661  21.434
 -13.744  45.233  20.618
 continue
       62000
  -4.112  46.808  42.915
  -4.460  43.442  41.249
  -5.960  41.549  38.317
  -7.988  38.404  37.470
  -8.111  34.705  37.337
  -8.816  31.978  34.773
  -9.116  34.295  31.767
 -11.497  36.901  30.276
 -14.079  37.709  27.567
 -14.780  40.037  24.713
 -13.495  43.252  23.372
 -14.632  46.872  23.156
 continue
       62500
  -3.885  48.460  40.747
  -3.985  44.660  40.691
  -4.966  41.435  39.036
  -7.194  38.381  38.754
  -7.346  34.754  37.468
  -9.025  32.631  34.888
 -10.063  35.605  32.702
 -12.872  37.367  30.754
 -14.435  38.494  27.548
 -14.574  41.357  25.169
 -13.857  45.081  24.826
 -15.600  48.345  25.111
 continue
       63000
  -3.590  48.948  40.455
  -3.277  45.290  40.463
  -4.566  42.222  38.586
  -7.121  39.455  38.122
  -7.783  35.734  37.801
  -9.527  33.201  35.497
 -10.026  35.764  32.707
 -12.345  38.496  31.491
 -14.587  39.539  28.662
 -15.184  42.556  26.406
 -14.686  46.317  25.987
 -16.650  49.523  26.097
 continue
       63500
  -2.111  48.744  41.344
  -3.001  45.381  39.749
  -5.388  43.391  37.697
  -7.963  40.629  38.283
  -8.045  36.877  37.902
  -9.090  34.047  35.728
 -10.425  35.931  32.751
 -11.336  39.428  31.778
 -14.148  41.857  30.944
 -15.633  43.843  28.110
 -15.918  47.224  26.554
 -18.481  50.032  25.977
 continue
       64000
  -1.864  49.316  41.155
  -2.739  46.055  39.590
  -5.575  44.033  37.987
  -7.097  40.667  38.683
  -7.556  37.099  37.766
  -9.729  34.796  35.758
 -11.318  37.398  33.452
 -11.233  40.773  31.903
 -12.981  44.096  31.664
 -16.122  45.460  30.078
 -17.662  47.369  27.244
 -19.762  50.334  26.189
 continue
       64500
  -1.765  50.683  40.784
  -2.493  47.032  40.249
  -4.064  44.360  38.136
  -7.142  42.095  37.988
  -8.237  38.442  37.776
  -9.405  35.560  35.630
 -11.448  37.874  33.357
 -12.043  41.512  32.260
 -14.289  44.454  32.841
 -17.310  46.065  31.186
 -18.366  48.211  28.215
 -19.763  51.621  27.665
 continue
       65000
  -1.865  51.541  40.837
  -1.840  48.052  39.487
  -4.310  45.714  37.992
  -6.687  42.862  38.590
  -7.299  39.197  37.913
  -9.524  36.451  36.481
 -11.815  38.565  34.391
 -13.043  41.975  33.222
 -16.010  44.260  32.641
 -17.840  46.373  30.272
 -18.567  50.005  29.629
 -20.617  53.109  30.312
 continue
       65500
  -1.551  52.015  39.907
  -2.319  48.566  38.554
  -5.374  46.347  38.045
  -7.385  43.569  39.573
  -7.742  39.909  38.709
  -9.245  37.336  36.394
 -10.917  40.060  34.348
 -12.721  43.322  34.649
 -15.935  45.120  33.758
 -17.661  47.854  31.680
 -19.461  51.164  31.715
 -22.522  53.280  31.192
 continue
       66000
  -1.420  52.921  39.936
  -2.547  49.682  38.280
  -5.233  47.129  38.976
  -5.762  43.510  39.991
  -7.087  40.170  38.841
 -10.018  38.480  37.226
 -11.112  41.455  34.999
 -13.277  44.464  35.256
 -16.472  46.403  34.533
 -18.023  49.446  32.698
 -20.441  52.383  32.778
 -24.119  53.304  32.382
 continue
       66500
  -0.225  53.297  39.496
  -2.945  50.709  39.038
  -4.640  47.748  40.608
  -5.033  44.036  40.184
  -6.874  41.133  38.688
  -9.842  39.979  36.559
 -11.565  43.247  35.930
 -14.693  45.145  36.800
 -17.894  46.574  35.395
 -19.277  49.626  33.748
 -21.033  52.969  33.619
 -24.498  54.614  33.680
 continue
       67000
  -0.164  53.578  40.032
  -3.190  51.479  39.310
  -4.930  48.412  40.652
  -5.223  44.753  39.892
  -7.269  41.711  38.727
 -10.424  40.616  36.881
 -11.729  44.083  36.210
 -14.382  46.532  37.530
 -17.757  48.013  36.762
 -19.571  50.861  35.062
 -22.078  53.693  35.517
 -25.573  54.613  34.677
 continue
       67500
  -1.271  54.753  40.970
  -2.220  51.552  39.230
  -5.044  49.122  39.665
  -6.039  45.514  40.291
  -8.183  42.574  39.338
 -11.093  41.322  37.151
 -12.184  44.898  36.256
 -14.209  47.734  37.583
 -17.627  49.012  36.707
 -19.717  52.124  36.191
 -22.619  54.087  37.506
 -25.988  55.246  36.523
 continue
       68000
  -0.366  54.887  41.636
  -2.489  52.663  39.399
  -5.564  50.569  39.872
  -6.942  47.202  40.519
  -7.727  44.173  38.422
 -10.641  42.271  36.921
 -12.946  45.309  36.760
 -15.876  47.238  38.104
 -19.231  48.842  37.233
 -20.670  52.276  36.611
 -22.093  55.301  38.178
 -25.564  56.874  38.854
 continue
       68500
  -0.248  55.622  42.577
  -1.927  53.194  40.153
  -5.103  51.494  38.866
  -7.386  48.575  39.410
  -8.588  45.175  38.185
 -11.429  43.019  36.748
 -13.709  46.044  36.701
 -16.198  48.051  38.618
 -19.709  49.367  38.819
 -22.253  52.050  38.160
 -23.002  55.781  38.528
 -25.227  58.169  40.431
 continue
       69000
  -0.919  56.786  41.522
  -1.855  53.138  40.861
  -4.576  51.149  39.253
  -7.322  48.606  39.477
  -8.905  45.628  37.918
 -12.181  44.233  36.518
 -14.294  47.408  36.428
 -16.193  49.885  38.672
 -19.588  50.610  40.085
 -22.732  52.656  39.249
 -24.382  56.097  39.767
 -26.582  58.151  41.935
 continue
       69500
  -0.420  56.133  42.061
  -2.259  53.835  39.719
  -5.600  52.430  38.863
  -7.779  49.626  39.682
  -9.304  46.545  38.202
 -12.599  44.962  37.218
 -14.429  48.272  36.899
 -16.443  50.642  39.044
 -20.012  51.900  39.623
 -22.056  55.001  40.110
 -24.630  56.678  42.263
 -28.358  56.275  42.931
 continue
       70000
   0.624  56.731  41.069
  -2.108  54.597  39.492
  -5.663  53.379  40.134
  -7.804  50.257  40.299
  -9.478  47.745  37.945
 -12.864  46.948  36.320
 -14.907  49.376  38.445
 -18.321  50.499  39.416
 -20.915  53.195  39.243
 -22.704  55.961  41.104
 -25.682  56.825  43.095
 -28.656  55.321  44.908
 continue
       70500
   1.062  56.683  41.742
  -2.067  55.944  39.691
  -5.515  54.402  39.882
  -7.577  51.239  39.221
 -10.102  49.582  36.950
 -13.574  47.973  37.070
 -15.093  50.809  39.143
 -18.325  51.694  40.865
 -21.831  53.116  40.514
 -24.035  56.053  41.588
 -27.060  56.931  43.819
 -29.396  55.796  46.496
 continue
       71000
   0.614  57.993  41.913
  -1.914  55.626  40.538
  -5.531  55.348  39.510
  -8.513  53.269  39.710
 -10.586  50.682  37.999
 -13.935  49.805  36.502
 -15.978  52.412  38.235
 -18.189  53.086  41.281
 -21.722  52.732  42.468
 -24.759  54.826  43.047
 -26.939  56.860  45.387
 -30.286  57.359  47.110
 continue
       71500
  -0.652  59.357  42.939
  -2.576  56.773  40.902
  -5.803  56.070  39.217
  -9.000  54.209  39.847
 -11.172  51.365  38.740
 -14.649  50.439  37.627
 -16.109  53.864  38.502
 -18.422  55.062  41.224
 -21.335  53.820  43.357
 -24.910  54.727  44.218
 -27.185  55.885  47.006
 -29.569  58.749  47.685
 continue
       72000
  -0.909  60.430  43.023
  -3.844  59.087  41.124
  -7.260  57.422  41.403
  -9.100  54.253  40.374
 -11.238  52.639  37.712
 -14.706  51.215  36.870
 -16.608  53.587  39.288
 -18.268  53.999  42.607
 -21.679  54.394  44.215
 -24.225  57.000  45.468
 -26.642  57.990  48.186
 -30.333  58.323  48.997
 continue
       72500
  -1.581  62.132  43.372
  -4.845  60.865  41.932
  -7.736  58.449  42.094
  -9.105  55.239  40.812
 -11.386  53.564  38.284
 -14.669  51.922  37.584
 -16.664  53.909  40.083
 -19.489  53.865  42.608
 -22.784  55.337  43.495
 -24.417  57.712  45.840
 -25.940  58.088  49.258
 -28.858  59.137  51.463
 continue
       73000
  -3.540  63.952  44.364
  -4.944  60.939  42.659
  -8.252  59.951  41.170
 -10.800  57.131  41.234
 -11.722  54.188  39.200
 -14.836  52.666  37.743
 -16.788  55.125  39.846
 -18.747  55.045  43.080
 -22.100  55.978  44.541
 -23.609  58.386  46.969
 -25.458  58.492  50.322
 -28.787  59.211  51.809
 continue
       73500
  -4.808  64.951  45.575
  -5.820  62.836  42.636
  -8.756  60.850  41.361
  -9.727  57.278  40.651
 -11.907  54.935  38.689
 -15.343  53.491  38.647
 -17.070  56.418  40.352
 -18.092  57.669  43.777
 -20.630  57.140  46.495
 -24.184  58.078  47.530
 -26.228  59.736  50.186
 -28.084  58.979  53.348
 continue
       74000
  -4.229  66.554  44.541
  -6.893  64.286  43.271
  -8.963  61.185  43.574
  -9.718  58.085  41.680
 -12.019  57.010  38.866
 -15.372  55.528  38.066
 -17.391  57.560  40.589
 -18.412  57.672  44.164
 -21.089  56.842  46.766
 -24.092  58.329  48.412
 -25.239  60.235  51.425
 -27.664  60.050  54.413
 continue
       74500
  -3.583  67.513  44.443
  -6.798  65.732  43.570
  -9.368  63.019  43.970
 -10.172  59.487  42.722
 -11.684  57.813  39.756
 -15.149  57.202  38.230
 -17.008  58.240  41.423
 -19.304  57.182  44.265
 -22.509  58.015  46.049
 -23.669  59.880  49.207
 -24.383  59.615  52.941
 -26.978  59.894  55.709
 continue
       75000
  -3.961  68.523  46.262
  -5.298  66.080  43.685
  -8.451  64.717  41.958
 -10.864  61.771  42.044
 -12.400  58.857  40.102
 -15.605  57.070  39.363
 -17.595  58.989  41.953
 -18.802  58.691  45.524
 -21.893  59.025  47.618
 -23.342  60.541  50.665
 -24.342  59.377  54.116
 -27.459  58.797  55.985
 continue
       75500
  -3.749  68.681  46.123
  -5.253  65.976  44.056
  -8.265  65.785  41.804
 -11.668  64.283  41.285
 -12.799  60.984  39.886
 -15.498  58.440  40.364
 -17.455  60.146  43.108
 -18.199  60.093  46.859
 -20.345  58.636  49.565
 -23.551  59.006  51.408
 -25.368  59.858  54.554
 -27.870  58.729  57.213
 continue
       76000
  -2.747  70.208  46.019
  -4.845  67.617  44.281
  -8.297  66.976  42.929
 -11.269  64.484  42.889
 -13.632  62.421  40.798
 -16.500  59.965  40.761
 -18.444  61.004  43.924
 -18.694  60.385  47.579
 -20.465  58.090  50.047
 -23.810  58.213  51.853
 -25.345  60.078  54.729
 -26.167  59.147  58.302
 continue
       76500
  -2.733  70.811  45.525
  -6.256  69.742  44.933
  -9.244  67.477  45.537
 -10.822  64.498  43.842
 -13.362  63.107  41.404
 -16.630  61.342  41.217
 -17.945  62.063  44.693
 -18.844  60.485  47.913
 -21.654  58.711  49.629
 -24.195  59.328  52.334
 -24.086  60.055  55.972
 -25.062  58.825  59.394
 continue
       77000
  -4.031  72.252  46.853
  -7.154  70.580  45.670
  -9.736  67.922  46.228
 -10.651  64.726  44.397
 -13.225  63.789  41.820
 -16.823  62.576  41.616
 -17.697  62.903  45.280
 -19.042  60.942  48.339
 -22.151  60.324  50.428
 -23.908  61.483  53.574
 -23.888  60.345  57.235
 -23.354  57.211  59.348
 continue
       77500
  -4.931  73.171  49.127
  -7.002  71.332  46.578
 -10.133  69.473  45.640
 -11.781  66.085  45.055
 -13.569  63.733  42.715
 -17.000  62.195  42.211
 -18.712  63.844  45.217
 -19.137  63.427  48.930
 -21.315  61.696  51.429
 -22.878  61.884  54.768
 -22.506  60.119  58.098
 -22.836  56.591  59.278
 continue
       78000
  -5.391  73.920  50.352
  -7.636  72.589  47.677
 -10.613  70.291  47.096
 -12.112  67.212  45.538
 -14.330  65.898  42.750
 -17.233  63.623  42.057
 -18.958  64.314  45.361
 -19.133  63.326  48.975
 -21.191  62.135  51.900
 -21.726  61.634  55.711
 -21.188  59.566  58.725
 -23.010  57.897  61.566
 continue
       78500
  -5.776  74.797  50.839
  -8.841  73.681  48.917
 -10.712  70.479  48.211
 -12.218  68.280  45.477
 -15.563  68.023  43.663
 -18.662  65.917  43.076
 -18.739  64.925  46.767
 -18.165  62.589  49.657
 -20.153  60.753  52.404
 -21.139  61.645  55.871
 -20.812  60.803  59.539
 -23.089  59.185  62.126
 continue
       79000
  -5.727  75.258  51.331
  -9.192  74.778  49.948
 -11.651  72.138  48.857
 -12.858  69.933  45.992
 -16.005  68.749  44.212
 -18.734  66.094  43.968
 -19.014  65.745  47.729
 -18.079  64.011  51.010
 -19.705  61.471  53.079
 -21.701  61.209  56.247
 -21.475  61.290  60.029
 -21.609  59.114  63.101
 continue
       79500
  -6.643  77.621  52.017
  -8.505  75.451  49.613
 -11.754  73.672  48.677
 -13.585  70.493  47.967
 -15.371  68.456  45.405
 -18.757  67.057  44.658
 -20.064  67.248  48.224
 -19.157  65.688  51.544
 -19.907  62.874  54.028
 -21.575  61.693  57.212
 -20.563  60.755  60.766
 -20.766  58.413  63.586
 continue
       80000
  -6.704  78.184  51.847
  -9.827  77.400  49.836
 -12.642  75.038  49.600
 -13.505  71.579  48.446
 -15.403  69.779  45.845
 -18.452  67.659  45.831
 -19.337  67.918  49.483
 -18.928  65.996  52.717
 -21.090  64.000  55.154
 -21.197  63.259  58.886
 -19.885  60.942  61.466
 -20.324  57.700  63.439
 continue
       80500
  -6.954  80.574  51.358
 -10.136  78.784  50.663
 -11.876  75.397  50.841
 -13.340  72.687  48.655
 -16.568  71.640  46.908
 -19.628  69.349  46.851
 -19.492  68.608  50.630
 -18.508  65.920  53.016
 -19.855  63.650  55.675
 -20.366  63.347  59.373
 -19.628  60.975  62.176
 -21.490  59.212  64.994
 continue
       81000
  -6.854  81.599  51.703
  -9.920  79.742  50.508
 -12.166  76.747  50.913
 -14.103  74.254  48.775
 -17.656  73.283  47.789
 -20.100  70.411  48.167
 -19.077  69.121  51.637
 -17.839  66.363  53.934
 -19.151  63.884  56.396
 -20.572  63.597  59.896
 -20.111  61.998  63.379
 -21.209  59.394  65.870
 continue
       81500
  -6.676  82.237  51.351
  -9.837  80.597  50.056
 -13.004  78.770  51.147
 -14.530  75.327  50.778
 -16.974  73.493  48.695
 -19.656  70.855  48.974
 -19.894  70.416  52.617
 -18.518  68.176  55.365
 -19.693  64.980  56.991
 -20.785  64.021  60.415
 -19.575  62.388  63.576
 -20.308  59.520  65.921
 continue
       82000
  -7.094  83.387  51.623
 -10.202  81.515  50.495
 -12.956  79.111  51.481
 -14.214  75.662  50.755
 -16.791  73.669  48.895
 -20.044  72.041  49.636
 -19.526  71.768  53.492
 -18.854  69.500  56.423
 -20.161  66.462  58.307
 -21.180  64.814  61.515
 -19.369  62.816  64.091
 -19.164  59.375  65.553
 continue
       82500
  -7.312  84.470  52.268
  -9.924  81.977  51.189
 -12.585  79.571  52.233
 -14.477  76.515  51.065
 -17.802  75.322  49.699
 -20.565  72.723  50.185
 -19.180  72.083  53.781
 -18.746  69.246  56.233
 -20.335  67.487  59.149
 -19.962  66.446  62.815
 -19.339  63.515  65.050
 -18.830  59.737  64.973
 continue
       83000
  -6.970  84.601  53.549
  -9.551  82.571  51.772
 -12.991  81.083  51.947
 -15.045  77.976  52.259
 -17.530  75.958  50.237
 -20.359  73.363  50.488
 -20.249  72.621  54.108
 -19.048  70.069  56.591
 -20.388  67.877  59.365
 -19.549  66.811  62.795
 -17.822  63.966  64.538
 -18.467  60.818  66.430
 continue
       83500
  -7.005  84.306  54.313
  -9.468  82.414  52.166
 -13.096  81.593  52.463
 -15.758  79.023  53.035
 -18.527  77.306  51.143
 -20.751  74.308  50.962
 -20.192  73.396  54.513
 -18.001  71.259  56.754
 -18.032  68.156  58.886
 -19.312  66.733  62.201
 -17.962  65.418  65.517
 -17.424  62.295  67.430
 continue
       84000
  -6.750  83.209  55.394
  -9.508  82.574  52.857
 -13.365  82.639  52.593
 -16.535  80.585  52.869
 -19.258  78.604  51.380
 -20.679  75.089  51.541
 -19.609  74.015  55.109
 -17.749  71.585  57.234
 -17.522  68.282  58.972
 -18.445  66.770  62.267
 -17.031  66.353  65.709
 -16.108  63.981  68.487
 continue
       84500
  -6.480  83.561  55.392
  -9.665  82.728  53.518
 -13.321  82.316  54.133
 -15.962  79.636  54.054
 -18.676  78.580  51.619
 -20.909  75.594  51.125
 -20.774  74.376  54.786
 -18.421  72.937  57.439
 -17.872  69.844  59.650
 -17.529  68.775  63.270
 -15.124  67.451  65.812
 -14.452  64.251  67.920
 continue
       85000
  -6.500  83.870  56.509
  -9.372  82.919  54.392
 -13.063  82.597  53.734
 -15.798  80.025  53.594
 -18.490  78.462  51.498
 -21.486  76.237  52.183
 -20.737  75.429  55.795
 -18.700  73.216  57.983
 -18.621  70.595  60.701
 -17.056  69.863  64.061
 -13.976  68.302  65.490
 -12.556  65.264  67.036
 continue
       85500
  -6.441  84.294  56.845
  -9.516  83.940  54.674
 -13.024  82.518  54.393
 -15.536  80.276  52.510
 -19.174  79.301  52.096
 -22.146  77.434  53.428
 -20.519  76.535  56.713
 -18.115  74.179  58.535
 -17.542  71.181  60.763
 -16.529  69.819  64.161
 -13.416  68.528  66.026
 -11.909  65.774  68.035
 continue
       86000
  -6.609  85.887  54.744
 -10.095  84.853  55.671
 -12.611  82.009  55.516
 -15.633  81.088  53.413
 -19.337  80.374  53.575
 -21.992  77.865  54.285
 -20.081  76.669  57.330
 -16.993  74.929  58.711
 -16.248  71.881  60.828
 -15.398  70.907  64.383
 -13.233  68.804  66.649
 -13.279  65.543  68.637
 continue
       86500
  -6.774  87.915  54.435
 -10.048  86.384  55.259
 -12.042  83.200  54.935
 -15.164  81.569  53.415
 -18.890  81.184  53.917
 -21.370  78.715  55.372
 -19.152  77.425  58.253
 -17.749  74.292  59.697
 -17.315  71.998  62.693
 -15.313  70.686  65.624
 -13.124  67.862  66.706
 -12.862  65.258  69.429
 continue
       87000
  -6.831  89.161  53.509
 -10.379  88.024  54.049
 -12.084  84.923  55.249
 -14.333  81.934  54.447
 -18.030  81.037  54.652
 -20.804  79.745  56.859
 -18.945  78.000  59.745
 -17.416  74.666  60.810
 -17.724  72.001  63.442
 -15.881  70.484  66.373
 -13.483  67.868  67.770
 -13.265  64.535  69.664
 continue
       87500
  -6.637  89.146  52.746
 -10.294  88.460  53.106
 -13.106  86.840  55.192
 -14.444  83.556  56.592
 -17.221  81.060  56.219
 -20.506  79.878  57.643
 -18.977  78.164  60.619
 -16.505  75.477  61.672
 -16.334  72.191  63.507
 -15.744  70.787  66.906
 -14.099  67.792  68.529
 -14.723  64.425  70.048
 continue
       88000
  -6.923  90.231  52.649
 -10.244  88.559  52.280
 -13.270  88.073  54.306
 -14.868  85.491  56.571
 -16.514  82.121  57.000
 -19.525  80.509  58.516
 -17.927  78.523  61.260
 -16.763  75.080  62.128
 -17.076  72.268  64.639
 -15.935  70.629  67.915
 -14.301  67.568  69.373
 -15.051  64.219  70.796
 continue
       88500
  -8.686  92.580  51.018
  -9.362  89.564  53.067
 -12.226  87.314  54.142
 -13.611  85.100  56.895
 -16.155  82.338  57.391
 -19.224  81.357  59.393
 -17.961  79.123  62.278
 -17.101  75.576  63.140
 -17.943  72.655  65.402
 -16.257  70.690  68.153
 -15.014  67.272  68.950
 -14.714  64.523  71.601
 continue
       89000
  -9.494  93.449  51.755
  -9.710  89.823  52.888
 -12.317  87.283  53.911
 -13.293  84.811  56.652
 -16.075  82.584  57.766
 -18.761  82.028  60.307
 -17.009  79.582  62.764
 -16.467  75.879  63.607
 -17.207  73.283  66.220
 -15.921  71.147  68.959
 -15.017  67.547  69.543
 -16.335  64.349  71.143
 continue
       89500
 -10.505  93.654  53.420
 -10.289  89.963  52.923
 -12.257  86.780  53.579
 -13.024  84.538  56.514
 -15.670  82.750  58.529
 -17.967  83.179  61.483
 -16.285  80.434  63.456
 -15.657  76.702  63.870
 -16.622  73.854  66.105
 -15.738  71.482  68.880
 -15.438  67.784  69.622
 -17.199  64.967  71.277
 continue
       90000
 -10.205  94.144  52.413
  -9.938  90.577  53.318
 -12.132  87.726  54.271
 -13.026  85.205  56.963
 -15.907  83.697  58.981
 -17.372  83.466  62.471
 -15.630  80.405  63.687
 -16.319  76.782  64.435
 -17.262  74.149  67.036
 -15.765  71.168  68.932
 -15.635  67.425  69.601
 -16.741  64.755  72.022
 continue
       90500
  -9.001  93.858  51.495
 -10.578  90.725  52.914
 -12.912  89.279  55.479
 -13.048  86.600  58.233
 -15.496  84.217  59.818
 -17.537  83.610  62.921
 -15.980  80.394  64.332
 -16.544  76.774  64.970
 -17.205  74.039  67.510
 -15.685  70.957  69.113
 -15.918  67.225  69.458
 -16.190  64.357  71.963
 continue
       91000
  -8.478  91.102  51.469
 -11.551  90.872  53.607
 -12.609  90.110  57.239
 -13.502  87.282  59.610
 -15.937  84.807  61.099
 -18.299  83.880  63.826
 -16.209  80.841  64.984
 -15.882  77.084  64.614
 -16.535  74.067  66.701
 -15.282  71.431  69.017
 -15.296  67.700  69.298
 -17.089  64.965  71.200
 continue
       91500
  -8.524  90.837  51.933
 -11.246  90.447  54.471
 -12.019  89.314  57.933
 -13.468  86.277  59.697
 -16.660  85.407  61.494
 -18.188  85.310  64.925
 -16.530  82.083  66.042
 -16.502  78.186  65.720
 -17.372  74.782  67.161
 -15.670  71.838  68.759
 -14.925  68.106  68.657
 -15.937  64.830  70.182
 continue
       92000
  -7.712  90.614  52.581
 -10.761  90.263  54.613
 -11.903  88.944  57.918
 -14.171  86.593  59.883
 -17.056  86.411  62.326
 -17.866  85.697  66.011
 -16.875  82.074  66.406
 -18.013  78.532  66.592
 -17.678  75.661  68.957
 -15.524  72.628  69.355
 -14.753  69.158  67.996
 -15.400  65.514  68.579
 continue
       92500
  -8.025  89.196  52.773
 -10.780  89.444  55.364
 -11.682  89.346  59.062
 -13.799  87.260  61.393
 -17.196  87.387  63.163
 -19.146  86.557  66.218
 -17.227  83.361  67.157
 -16.870  79.649  66.596
 -17.307  76.151  68.017
 -15.522  72.907  69.104
 -15.307  69.340  67.888
 -15.642  65.718  69.191
 continue
       93000
  -8.365  88.071  54.101
 -10.024  89.425  57.224
 -11.953  87.990  60.159
 -15.621  87.821  61.290
 -17.635  88.407  64.322
 -18.546  86.884  67.658
 -16.477  83.686  67.311
 -16.189  80.257  65.843
 -17.187  76.751  66.892
 -15.697  73.758  68.555
 -14.859  70.131  68.655
 -16.250  66.862  69.973
 continue
       93500
  -7.645  89.296  54.966
  -9.443  87.873  57.931
 -12.707  86.909  59.588
 -15.679  88.045  61.657
 -16.859  89.249  65.095
 -18.577  87.902  68.164
 -16.786  84.576  68.329
 -17.218  80.949  67.116
 -17.453  77.358  68.332
 -15.554  74.307  69.531
 -14.962  70.765  68.369
 -15.504  67.205  69.320
 continue
       94000
  -7.657  88.020  55.250
  -9.592  89.089  58.216
 -11.785  87.532  60.840
 -15.227  87.829  62.272
 -16.999  89.371  65.286
 -18.555  88.518  68.659
 -17.257  84.987  68.934
 -17.799  81.248  68.702
 -17.525  78.022  70.546
 -15.307  75.042  70.208
 -15.155  71.854  68.136
 -15.441  68.138  68.092
 continue
       94500
  -8.114  86.874  56.215
 -10.519  88.910  58.328
 -11.473  89.365  61.910
 -14.577  88.562  63.941
 -17.350  89.884  65.955
 -19.369  88.915  69.003
 -17.249  85.873  70.015
 -16.307  82.387  68.969
 -17.107  78.730  69.405
 -15.813  75.302  70.311
 -14.830  71.979  68.813
 -15.817  68.295  68.542
 continue
       95000
  -8.119  88.161  56.464
 -10.041  89.160  59.586
 -12.171  88.314  62.590
 -15.538  88.994  64.050
 -17.188  90.576  67.043
 -18.595  89.533  70.279
 -16.561  86.290  70.367
 -16.393  82.934  68.775
 -17.544  79.354  68.972
 -16.747  75.946  70.315
 -15.156  72.664  69.711
 -15.537  68.898  70.014
 continue
       95500
  -7.900  89.862  56.841
  -9.314  89.459  60.206
 -12.350  88.561  62.296
 -15.140  90.141  64.229
 -16.570  91.127  67.588
 -18.488  89.987  70.707
 -16.837  86.553  70.642
 -17.448  82.916  69.781
 -18.147  79.597  71.448
 -16.285  76.364  71.965
 -15.497  73.151  70.144
 -16.348  69.494  69.993
 continue
       96000
  -7.721  90.324  57.254
  -9.750  91.550  60.237
 -11.330  90.255  63.319
 -14.795  89.620  64.755
 -16.697  91.120  67.663
 -17.903  90.467  71.221
 -16.720  86.888  71.252
 -17.777  83.252  70.692
 -17.636  79.870  72.221
 -16.046  76.509  72.060
 -16.707  73.129  70.416
 -17.319  69.612  71.470
 continue
       96500
  -8.227  91.229  57.252
  -9.843  92.591  60.356
 -11.044  91.655  63.889
 -14.103  90.917  65.816
 -16.605  91.892  68.432
 -17.980  90.394  71.614
 -16.613  86.850  71.740
 -16.534  83.300  70.469
 -17.788  79.872  71.415
 -16.657  76.519  72.681
 -16.937  72.852  71.913
 -18.759  69.709  72.986
 continue
       97000
  -7.765  93.412  57.451
  -9.667  93.492  60.766
 -11.370  91.499  63.415
 -14.533  91.340  65.492
 -15.526  91.907  69.070
 -16.780  90.582  72.372
 -16.056  86.806  72.245
 -17.128  83.425  71.097
 -18.777  80.188  72.202
 -17.849  76.838  73.730
 -17.381  73.318  72.751
 -18.943  70.024  73.593
 continue
       97500
  -9.598  94.988  57.998
  -8.754  93.110  61.185
 -10.229  91.755  64.447
 -13.508  90.932  66.189
 -15.646  92.204  69.034
 -16.766  91.254  72.579
 -16.181  87.462  72.331
 -17.820  84.131  71.632
 -18.511  80.774  73.195
 -17.360  77.293  74.037
 -18.154  73.787  73.021
 -20.000  70.755  74.189
 continue
       98000
  -9.859  95.096  58.517
  -8.746  93.447  61.700
 -10.190  92.157  64.941
 -13.395  91.553  66.678
 -15.792  92.670  69.396
 -16.878  91.842  72.934
 -15.781  88.224  73.121
 -16.993  84.646  72.409
 -18.217  81.512  74.074
 -17.673  77.833  73.564
 -19.325  74.401  73.079
 -20.696  71.315  74.771
 continue
       98500
  -8.006  94.060  58.600
  -9.406  94.330  62.120
 -11.486  93.013  64.889
 -14.344  93.259  67.362
 -15.076  93.657  70.988
 -15.978  92.027  74.330
 -15.481  88.348  73.591
 -17.622  85.336  72.889
 -18.883  81.989  74.028
 -18.170  78.326  74.574
 -19.327  74.863  73.512
 -21.083  71.799  74.877
 continue
       99000
  -9.304  93.738  59.161
  -9.613  94.489  62.834
 -10.798  92.837  66.071
 -13.755  92.824  68.412
 -15.111  94.083  71.735
 -16.202  93.130  75.259
 -16.130  89.314  74.678
 -17.991  86.408  73.299
 -19.132  82.930  74.273
 -18.374  79.218  74.494
 -19.175  75.646  73.615
 -21.217  72.604  74.625
 continue
       99500
  -9.442  93.358  59.893
  -9.544  94.017  63.666
 -11.445  92.940  66.776
 -14.524  93.423  68.862
 -15.318  94.699  72.338
 -16.428  93.700  75.777
 -15.823  89.984  75.286
 -17.693  86.819  74.509
 -19.101  83.559  75.655
 -18.470  79.936  74.778
 -19.874  76.834  73.303
 -21.442  73.486  74.124
 continue
      100000
  -8.216  92.625  61.568
 -11.074  94.016  63.584
 -12.637  93.217  66.894
 -14.773  94.622  69.719
 -15.142  95.542  73.299
 -15.970  94.282  76.848
 -15.714  90.608  76.001
 -17.906  87.630  75.139
 -18.882  84.063  76.210
 -18.740  80.340  75.714
 -20.281  77.484  73.685
 -22.070  74.234  74.017
 end
      100000
  -8.216  92.625  61.568
 -11.074  94.016  63.584
 -12.637  93.217  66.894
 -14.773  94.622  69.719
 -15.142  95.542  73.299
 -15.970  94.282  76.848
 -15.714  90.608  76.001
 -17.906  87.630  75.139
 -18.882  84.063  76.210
 -18.740  80.340  75.714
 -20.281  77.484  73.685
 -22.070  74.234  74.017
