  # There has been      100000 steps
 # The current temp is  0.434073240    
 # Number of atoms
          12
 # X(i)Y(i)Z(i)
    1   1 CA ALA  -2.335 -78.070  -1.072   1.000
    2   2 CA ALA  -2.188 -75.343  -3.684   1.000
    3   3 CA ALA  -3.907 -72.398  -5.309   1.000
    4   4 CA ALA  -4.752 -70.802  -8.619   1.000
    5   5 CA LEU  -4.037 -67.683 -10.625   1.000
    6   6 CA ILE  -4.984 -64.195 -11.591   1.000
    7   7 CA PHE  -6.165 -62.296 -14.661   1.000
    8   8 CA ALA  -5.397 -60.221 -17.614   1.000
    9   9 CA THR  -5.954 -56.798 -19.119   1.000
   10  10 CA ILE  -7.859 -54.832 -21.711   1.000
   11  11 CA ALA  -7.693 -52.095 -24.221   1.000
   12  12 CA ALA  -9.693 -49.290 -25.710   1.000
    1   0.741  -0.562   1.250
    2   0.323   0.376  -0.868
    3  -1.642  -0.230  -0.925
    4  -0.327  -0.468  -0.277
    5   0.622  -0.095   0.280
    6   0.073  -0.717  -0.090
    7  -0.773   0.170  -0.252
    8   0.361  -0.139   0.233
    9   0.571  -0.051  -0.859
   10  -1.022   0.204  -0.520
   11  -0.083  -0.548   0.797
   12  -0.002  -0.406  -0.406
           1
          12
