           1
          12
    1 CA ALA
    2 CA ASP
    3 CA GLU
    4 CA ALA
    5 CA LEU
    6 CA ILE
    7 CA PHE
    8 CA LYS
    9 CA THR
   10 CA ILE
   11 CA ARG
   12 CA ALA
          12
         500
  -0.828   0.738  -0.334
   2.852   0.805   0.274
   5.484   0.934   2.952
   7.959   3.131   4.790
  11.688   3.683   5.190
  14.584   3.685   7.620
  16.770   5.994   9.561
  20.374   7.023   9.904
  23.298   6.963  12.240
  25.339   9.084  14.678
  28.642  10.837  15.252
  31.800  10.617  17.346
 continue
        1000
  -1.428   0.915  -0.196
   2.215   0.714   0.618
   4.659   1.288   3.406
   7.341   3.651   4.665
  11.085   4.029   5.095
  13.885   3.928   7.591
  15.982   6.243   9.697
  19.451   7.550  10.094
  22.513   7.326  12.361
  24.422   9.286  14.906
  27.513  11.348  15.627
  30.834  11.227  17.319
 continue
        1500
  -2.042   0.562  -0.046
   1.659   0.752   0.696
   4.195   1.352   3.428
   6.648   3.894   4.763
  10.333   4.506   5.193
  12.928   4.611   7.902
  15.029   6.946   9.912
  18.578   8.274  10.363
  21.731   7.913  12.413
  23.614   9.663  15.222
  26.635  11.811  15.721
  30.021  11.770  17.335
 continue
        2000
  -2.242   0.115  -0.264
   1.300   1.009   0.595
   3.604   1.371   3.543
   5.736   3.939   5.246
   9.281   5.140   5.624
  12.156   5.147   8.047
  14.308   7.327  10.240
  17.683   8.959  10.571
  20.782   8.742  12.705
  22.840  10.707  15.172
  26.249  12.239  15.674
  29.523  12.010  17.544
 continue
        2500
  -2.844  -0.024  -0.031
   0.677   0.992   0.871
   3.120   1.621   3.664
   5.123   4.269   5.453
   8.694   5.438   5.889
  11.327   5.830   8.600
  13.373   8.367  10.545
  16.895   9.541  10.833
  19.939   9.326  12.993
  22.112  11.098  15.445
  25.545  12.731  15.628
  29.003  12.644  17.183
 continue
        3000
  -3.483   0.275   0.182
   0.034   0.852   1.504
   2.104   1.951   4.496
   4.441   4.701   5.594
   8.072   5.600   6.034
  10.824   5.902   8.622
  12.593   8.432  10.779
  15.980  10.115  11.119
  19.087   9.911  13.137
  21.385  11.788  15.495
  24.695  13.564  15.737
  28.172  13.310  17.277
 continue
        3500
  -4.543   0.763   0.804
  -0.922   1.352   1.765
   1.330   2.146   4.698
   3.652   4.724   6.065
   7.241   5.407   6.708
   9.878   6.024   9.266
  12.016   8.807  10.715
  15.582   9.980  11.127
  18.607  10.027  13.475
  20.618  12.244  15.715
  23.689  14.399  15.973
  26.953  14.727  17.793
 continue
        4000
  -5.731   1.563   1.452
  -2.045   1.568   2.310
   0.347   2.262   5.135
   3.011   4.642   6.380
   6.713   5.198   6.732
   9.431   5.711   9.257
  11.350   8.392  11.091
  14.817   9.886  11.567
  17.744  10.326  13.919
  19.536  13.097  15.764
  22.730  15.091  15.906
  25.675  15.693  18.171
 continue
        4500
  -6.700   1.766   2.152
  -3.050   1.527   2.871
  -0.503   2.433   5.500
   2.334   4.819   6.355
   6.080   4.966   7.064
   8.561   5.643   9.838
  10.536   8.482  11.285
  13.929  10.072  11.589
  16.669  10.657  14.047
  18.353  13.393  16.038
  21.389  15.627  16.114
  24.637  16.494  17.915
 continue
        5000
  -7.268   1.048   2.282
  -3.716   1.459   3.341
  -1.329   2.355   6.076
   1.266   4.960   7.058
   5.013   5.539   7.395
   7.535   6.323  10.056
   9.727   9.062  11.452
  13.266  10.205  11.759
  16.022  11.000  14.229
  17.517  13.763  16.210
  20.326  16.271  16.251
  23.614  17.068  17.887
 continue
        5500
  -7.720   0.374   2.850
  -4.123   0.981   3.736
  -1.857   2.075   6.538
   0.301   5.091   7.412
   3.847   6.261   7.862
   6.569   6.897  10.330
   8.442   9.622  12.045
  11.798  11.455  12.061
  14.828  11.915  14.300
  16.786  14.505  16.285
  20.034  16.369  16.341
  23.181  17.102  18.326
 continue
        6000
  -8.184  -0.665   3.550
  -4.695   0.549   4.147
  -2.344   1.965   6.734
  -0.451   5.044   7.852
   2.989   6.494   8.290
   5.330   7.710  10.902
   7.136  10.797  12.147
  10.645  12.266  12.293
  13.625  12.763  14.620
  15.700  15.198  16.585
  19.175  16.609  16.506
  22.514  16.324  18.231
 continue
        6500
  -8.208  -1.441   3.917
  -4.932  -0.049   5.065
  -3.481   2.328   7.579
  -1.658   5.634   7.982
   1.800   7.060   8.492
   4.244   8.247  11.079
   6.159  11.205  12.445
   9.668  12.545  12.634
  12.729  12.844  14.761
  14.826  15.362  16.523
  18.241  16.965  16.769
  21.585  16.921  18.608
 continue
        7000
  -8.853  -1.173   3.982
  -5.809  -0.276   5.984
  -4.461   2.437   8.236
  -2.369   5.586   8.457
   1.181   6.642   9.171
   3.342   8.445  11.661
   5.606  11.431  12.145
   9.277  12.374  12.529
  11.955  12.973  15.045
  13.913  15.671  16.787
  17.172  17.574  16.966
  20.353  17.911  19.065
 continue
        7500
 -10.443  -0.520   4.544
  -7.159   0.131   6.302
  -5.163   2.686   8.280
  -2.344   5.219   8.225
   1.012   5.968   9.717
   2.854   8.120  12.181
   5.128  11.164  12.521
   8.713  12.179  13.322
  10.834  13.988  15.895
  13.138  16.879  16.286
  16.738  17.840  16.876
  19.011  18.958  19.696
 continue
        8000
 -11.354   0.360   4.793
  -8.092   0.774   6.669
  -6.014   3.357   8.518
  -2.709   5.184   8.342
   0.389   5.918  10.320
   2.190   8.446  12.401
   5.165  10.755  12.485
   8.485  11.623  14.136
  10.021  14.211  16.411
  12.262  17.203  16.521
  15.751  18.403  17.276
  17.897  20.288  19.784
 continue
        8500
 -11.534   0.639   4.660
  -9.312   1.821   7.428
  -7.061   4.611   8.573
  -3.410   5.589   8.797
  -0.252   5.755  10.881
   1.610   8.382  12.834
   4.490  10.818  12.679
   7.871  11.655  14.190
   9.688  14.061  16.431
  11.834  17.147  16.527
  15.075  18.527  17.865
  16.450  21.184  20.225
 continue
        9000
 -12.865   1.289   5.316
  -9.940   1.771   7.560
  -7.624   4.394   8.880
  -4.027   5.643   8.890
  -1.163   6.627  11.160
   0.885   9.463  12.561
   4.352  10.951  12.742
   7.185  11.707  15.123
   8.588  14.607  17.108
  11.077  17.414  16.958
  14.469  18.363  18.384
  16.548  20.568  20.657
 continue
        9500
 -13.111   0.508   5.938
 -10.634   2.275   8.102
  -8.400   5.278   8.641
  -4.787   6.380   8.931
  -1.995   6.859  11.422
  -0.187   9.571  13.224
   2.775  11.859  13.324
   5.962  12.523  15.291
   7.939  15.178  17.161
  11.211  17.097  17.239
  14.386  17.715  19.157
  15.992  20.218  21.454
 continue
       10000
 -13.113   0.610   5.539
 -11.341   2.272   8.403
  -9.216   5.284   9.274
  -5.639   6.369   9.975
  -3.524   8.327  12.425
  -1.220  11.258  12.827
   2.430  12.044  13.182
   5.313  12.614  15.603
   7.098  15.351  17.532
  10.311  17.261  17.905
  13.559  17.490  19.758
  15.762  19.386  22.158
 continue
       10500
 -13.580   0.286   6.261
 -11.912   2.880   8.404
  -9.638   5.875   8.579
  -6.206   7.048   9.766
  -4.122   8.347  12.666
  -2.159  11.342  13.863
   1.335  12.738  14.092
   4.151  13.542  16.474
   6.412  16.126  18.027
  10.025  17.049  18.268
  12.955  17.076  20.656
  15.089  19.439  22.705
 continue
       11000
 -14.190   1.205   5.900
 -12.576   3.242   8.581
 -10.235   6.175   8.945
  -6.785   7.163  10.062
  -4.890   8.926  12.820
  -2.607  11.780  13.708
   1.017  12.525  14.561
   3.460  13.285  17.357
   5.552  16.000  18.875
   8.994  17.552  19.016
  12.219  17.601  21.033
  14.602  19.717  23.159
 continue
       11500
 -14.880   2.349   5.523
 -13.294   4.251   8.374
 -10.822   6.963   9.272
  -7.273   7.427  10.442
  -5.157   8.473  13.329
  -3.031  11.308  14.592
   0.464  12.751  14.864
   3.212  13.359  17.400
   5.131  16.032  19.225
   8.464  17.686  19.351
  11.488  18.132  21.539
  13.110  20.693  23.807
 continue
       12000
 -16.056   4.033   5.278
 -13.799   4.538   8.312
 -11.396   7.066   9.840
  -7.748   7.820  10.517
  -5.399   8.606  13.320
  -3.483  11.457  14.811
   0.017  12.745  15.405
   2.617  13.252  18.125
   4.272  16.123  19.913
   7.452  18.101  20.098
  10.542  18.732  22.174
  12.209  21.383  24.282
 continue
       12500
 -16.690   4.593   5.510
 -14.346   5.032   8.401
 -12.085   7.550  10.035
  -8.546   8.643  10.524
  -5.937   8.811  13.242
  -4.289  11.229  15.621
  -0.979  13.010  16.028
   1.889  13.598  18.398
   3.399  16.214  20.586
   6.367  18.529  20.777
   9.596  19.318  22.569
  11.047  21.516  25.314
 continue
       13000
 -17.218   4.848   5.458
 -15.064   5.323   8.508
 -13.025   7.856  10.366
  -9.572   9.121  11.195
  -6.862   9.276  13.778
  -5.228  11.738  16.134
  -2.121  13.838  16.439
   1.065  14.273  18.327
   2.636  16.019  21.243
   5.033  18.794  22.025
   8.551  19.686  23.158
  10.225  21.330  26.121
 continue
       13500
 -18.122   5.101   5.928
 -15.294   5.539   8.383
 -13.879   8.034  10.867
 -10.836  10.141  11.510
  -7.770  10.289  13.724
  -6.031  12.213  16.445
  -3.280  14.718  17.113
   0.048  15.085  18.891
   1.693  16.495  22.010
   4.044  19.296  23.045
   7.610  19.995  24.056
   9.893  20.847  26.925
 continue
       14000
 -18.916   5.384   6.330
 -15.759   6.305   8.207
 -14.417   8.265  11.147
 -11.814  10.802  12.063
  -8.420  11.149  13.651
  -6.637  12.546  16.651
  -4.734  15.440  18.037
  -1.224  16.292  19.160
   1.071  16.887  22.130
   3.205  19.394  23.988
   6.766  20.165  24.749
   9.248  20.458  27.517
 continue
       14500
 -19.804   6.295   6.536
 -16.437   7.093   8.054
 -14.811   8.109  11.284
 -13.001  11.004  12.906
  -9.556  12.256  13.879
  -7.251  13.036  16.773
  -5.442  15.845  18.452
  -2.039  17.005  19.436
   0.226  16.866  22.469
   2.122  19.011  24.928
   5.559  20.496  25.485
   8.259  20.703  28.068
 continue
       15000
 -20.635   6.582   6.881
 -17.522   8.105   8.284
 -15.479   8.787  11.351
 -13.728  11.571  13.112
 -10.201  12.755  13.816
  -7.757  12.906  16.731
  -6.432  15.322  19.332
  -3.361  17.262  20.252
  -0.344  17.123  22.446
   1.235  18.977  25.348
   4.142  21.110  26.449
   7.223  20.992  28.621
 continue
       15500
 -21.939   7.801   7.614
 -18.358   8.952   8.126
 -15.746   9.184  10.854
 -14.249  11.371  13.521
 -11.154  13.331  14.202
  -8.380  13.516  16.747
  -7.056  15.584  19.580
  -4.066  17.489  20.721
  -1.139  17.190  23.023
   0.433  18.753  26.052
   2.969  21.308  27.208
   6.231  21.867  28.983
 continue
       16000
 -22.794   8.436   7.322
 -19.626  10.258   8.488
 -16.709  10.075  10.923
 -14.972  11.807  13.751
 -11.934  13.827  14.699
  -8.761  13.713  16.748
  -7.397  15.092  19.986
  -4.975  17.731  21.149
  -1.605  18.082  22.846
  -0.253  19.208  26.174
   2.038  21.696  27.821
   5.269  22.128  29.665
 continue
       16500
 -23.689   9.561   7.853
 -20.293  11.029   8.620
 -17.306  10.662  10.856
 -15.690  12.185  13.823
 -12.988  14.514  14.999
  -9.612  14.619  16.690
  -8.007  15.414  19.988
  -5.800  17.865  21.776
  -2.393  18.407  23.296
  -0.398  18.846  26.518
   1.180  21.561  28.586
   4.393  23.204  29.658
 continue
       17000
 -24.235   9.996   7.386
 -21.414  12.022   8.861
 -18.153  11.746  10.691
 -16.504  12.846  13.888
 -13.755  14.975  15.411
 -10.376  14.875  17.169
  -8.542  15.474  20.438
  -6.594  17.964  22.409
  -3.173  19.092  23.563
  -0.717  19.204  26.474
   0.684  21.602  29.087
   3.885  23.230  30.162
 continue
       17500
 -24.812  10.698   7.152
 -22.127  12.750   8.870
 -18.728  12.692  10.501
 -16.953  12.731  13.840
 -15.103  14.883  16.368
 -11.679  16.130  17.562
  -8.988  16.001  20.235
  -7.309  17.976  22.950
  -3.984  19.295  24.091
  -1.415  19.286  26.892
   0.137  21.480  29.495
   3.252  23.244  30.537
 continue
       18000
 -24.938  10.791   6.975
 -23.000  13.291   9.149
 -19.594  13.981  10.699
 -17.390  13.538  13.731
 -15.470  15.531  16.307
 -12.030  16.287  17.638
  -9.902  16.177  20.729
  -8.421  18.181  23.556
  -5.274  20.039  24.624
  -1.926  19.931  26.474
   0.025  20.723  29.585
   2.374  23.091  31.298
 continue
       18500
 -25.335  11.287   6.922
 -23.370  13.604   9.187
 -20.071  14.354  10.795
 -17.886  13.997  13.835
 -16.342  15.664  16.849
 -13.381  17.744  18.023
 -10.036  17.576  19.821
  -8.361  17.912  23.172
  -5.953  20.019  25.237
  -2.524  19.931  26.809
  -0.413  20.469  29.868
   1.669  23.059  31.585
 continue
       19000
 -25.343  11.759   6.599
 -24.514  13.730   9.707
 -21.474  15.319  11.271
 -18.336  14.783  13.327
 -16.502  15.764  16.509
 -13.645  17.794  18.018
 -10.618  17.608  20.275
  -9.012  18.700  23.487
  -6.238  20.688  25.025
  -2.700  20.517  26.494
  -1.004  20.439  29.898
   0.806  22.441  32.550
 continue
       19500
 -26.532  12.389   6.809
 -24.852  13.314  10.065
 -22.112  15.474  11.451
 -18.820  15.435  13.235
 -16.981  16.186  16.453
 -14.569  18.619  18.120
 -11.132  18.982  19.739
  -9.337  18.762  23.042
  -7.339  20.326  25.853
  -3.782  20.858  27.058
  -1.358  20.498  29.919
   0.110  22.470  32.770
 continue
       20000
 -26.831  12.219   7.237
 -25.592  13.896  10.446
 -22.969  16.262  11.698
 -19.438  16.317  12.965
 -17.387  16.371  16.112
 -15.520  18.395  18.699
 -12.110  19.298  20.071
  -9.568  18.698  22.800
  -7.770  20.332  25.723
  -4.567  21.837  27.069
  -1.831  21.174  29.567
  -0.922  21.920  33.142
 continue
       20500
 -28.173  13.947   7.026
 -25.890  13.703  10.055
 -23.733  15.708  12.426
 -20.177  16.514  13.367
 -17.801  16.644  16.300
 -15.816  18.844  18.664
 -12.442  19.738  20.175
 -10.124  19.083  23.092
  -8.716  20.541  26.255
  -5.513  22.062  27.628
  -2.353  21.440  29.509
  -0.847  22.231  32.878
 continue
       21000
 -28.481  14.518   6.966
 -26.125  14.439   9.924
 -24.601  16.344  12.778
 -21.284  17.586  14.080
 -18.521  16.677  16.493
 -16.875  17.930  19.666
 -13.818  19.841  20.944
 -10.584  19.649  22.812
  -8.727  20.610  25.949
  -5.605  22.214  27.357
  -2.655  21.864  29.702
  -1.323  22.787  33.107
 continue
       21500
 -29.056  15.600   7.010
 -26.625  14.866   9.827
 -25.194  16.232  13.028
 -22.126  17.746  14.684
 -19.147  17.131  16.917
 -17.406  18.439  19.991
 -14.196  20.088  21.038
 -11.080  19.560  23.065
  -9.557  20.159  26.461
  -7.214  22.509  28.334
  -3.576  22.981  29.319
  -0.916  22.854  32.025
 continue
       22000
 -29.941  15.890   7.568
 -27.216  15.502  10.156
 -25.473  16.768  13.229
 -22.268  18.170  14.588
 -19.151  17.590  16.637
 -17.870  17.723  20.165
 -15.854  20.068  22.287
 -12.292  20.648  23.420
  -9.951  20.493  26.390
  -7.674  22.583  28.558
  -4.091  23.409  29.067
  -1.239  23.500  31.531
 continue
       22500
 -30.496  16.684   7.753
 -27.463  16.105   9.971
 -26.295  16.016  13.564
 -23.818  18.092  15.583
 -20.273  18.138  16.921
 -18.303  18.228  20.094
 -16.196  20.480  22.239
 -12.639  21.208  23.163
 -10.152  21.042  26.026
  -8.427  22.961  28.779
  -5.010  24.311  29.685
  -1.867  23.793  31.678
 continue
       23000
 -31.775  16.333   8.514
 -28.329  16.540   9.953
 -26.469  16.377  13.217
 -24.606  18.458  15.789
 -21.121  19.186  16.984
 -18.822  18.804  19.969
 -16.864  20.620  22.645
 -13.415  21.927  23.335
 -10.635  21.453  25.799
  -8.953  23.174  28.697
  -5.761  24.806  29.724
  -3.072  24.610  32.334
 continue
       23500
 -32.853  16.067   9.520
 -29.216  16.574  10.349
 -26.871  16.651  13.292
 -25.066  18.868  15.715
 -21.580  19.887  16.697
 -18.884  19.585  19.244
 -17.439  21.067  22.384
 -14.399  22.770  23.801
 -11.513  22.046  26.056
  -9.985  23.312  29.245
  -7.048  25.335  30.460
  -3.558  24.962  31.867
 continue
       24000
 -33.439  15.770   9.759
 -30.159  17.371  10.786
 -27.405  17.072  13.335
 -25.585  18.902  16.096
 -22.285  20.504  16.911
 -19.563  19.994  19.433
 -18.078  21.648  22.474
 -14.925  23.350  23.670
 -11.622  22.994  25.566
 -10.115  23.559  28.962
  -7.868  25.715  31.133
  -4.438  25.550  32.741
 continue
       24500
 -33.947  16.569   9.788
 -30.604  17.915  10.883
 -27.840  17.374  13.386
 -26.302  18.887  16.475
 -23.511  21.087  17.755
 -19.956  21.080  19.065
 -18.158  21.992  22.250
 -15.580  24.126  24.037
 -12.222  23.834  25.666
 -10.544  24.016  29.036
  -8.292  26.117  31.143
  -5.093  26.362  33.170
 continue
       25000
 -34.621  16.795  10.020
 -31.437  18.527  11.095
 -28.201  18.367  13.043
 -26.489  19.836  16.091
 -23.616  21.914  17.439
 -20.583  21.573  19.596
 -19.049  22.092  22.991
 -16.553  24.257  24.763
 -13.109  24.501  26.221
 -10.919  24.383  29.274
  -8.836  26.680  31.473
  -5.254  27.392  32.391
 continue
       25500
 -34.355  17.167   9.755
 -32.060  19.568  11.466
 -28.725  19.466  13.181
 -27.093  20.046  16.524
 -24.426  22.131  18.111
 -20.991  22.008  19.772
 -19.195  22.149  23.131
 -17.183  24.598  25.225
 -13.570  25.055  26.352
 -11.266  25.123  29.335
  -9.140  27.373  31.522
  -5.605  28.368  32.472
 continue
       26000
 -34.961  18.093  10.208
 -32.118  20.177  11.623
 -28.816  20.014  13.496
 -27.315  19.930  16.912
 -25.312  22.197  19.131
 -21.843  23.038  20.143
 -19.306  22.914  22.880
 -17.223  25.014  25.260
 -13.736  25.999  26.149
 -11.330  25.548  28.977
  -9.752  27.574  31.734
  -6.436  29.023  32.813
 continue
       26500
 -35.349  18.408  10.597
 -33.016  20.518  12.645
 -29.458  20.668  13.939
 -27.358  20.781  17.071
 -25.149  22.969  19.178
 -21.497  23.347  20.032
 -19.324  23.218  23.103
 -17.910  25.224  25.968
 -14.664  26.972  26.826
 -11.473  26.519  28.658
  -9.730  27.304  31.887
  -7.094  29.497  33.423
 continue
       27000
 -35.826  18.418  11.560
 -33.517  20.663  13.442
 -29.895  21.554  13.876
 -27.239  21.285  16.580
 -25.642  23.086  19.491
 -22.404  24.767  20.450
 -19.411  24.236  22.605
 -17.732  25.286  25.842
 -14.826  27.141  27.368
 -11.637  26.671  29.385
  -9.791  27.907  32.495
  -7.271  30.370  33.865
 continue
       27500
 -35.998  18.764  11.367
 -34.203  20.540  14.062
 -31.045  22.361  15.079
 -27.794  22.186  16.966
 -25.661  23.431  19.861
 -22.553  25.294  20.881
 -19.251  24.889  22.606
 -17.501  26.073  25.747
 -14.764  28.204  27.296
 -11.505  28.088  29.200
 -10.184  28.395  32.739
  -7.717  30.191  34.946
 continue
       28000
 -36.338  19.115  11.868
 -34.428  20.890  14.589
 -31.129  22.659  15.280
 -27.817  22.579  17.169
 -25.992  24.053  20.138
 -23.304  26.263  21.605
 -19.774  26.192  22.832
 -17.635  26.248  25.999
 -15.310  28.520  28.024
 -11.851  29.128  29.364
  -9.581  28.652  32.351
  -7.955  30.375  35.252
 continue
       28500
 -36.128  19.221  12.307
 -34.420  21.103  15.103
 -31.556  23.527  15.827
 -27.991  23.601  17.138
 -26.162  24.185  20.396
 -23.724  26.394  22.226
 -20.222  27.082  23.364
 -17.872  26.927  26.369
 -15.907  28.840  28.950
 -12.455  29.990  29.746
  -9.343  29.464  31.808
  -7.433  30.596  34.845
 continue
       29000
 -36.131  20.975  11.989
 -34.313  20.795  15.206
 -32.230  23.136  17.334
 -28.842  24.564  17.988
 -26.119  24.498  20.597
 -24.219  26.667  23.035
 -20.849  28.060  24.128
 -17.831  27.554  26.388
 -15.793  29.231  29.076
 -12.433  30.666  29.855
  -9.217  29.910  31.723
  -7.074  31.267  34.559
 continue
       29500
 -36.786  22.184  12.516
 -33.918  21.633  14.866
 -32.435  22.872  18.092
 -29.584  25.009  19.419
 -26.234  25.168  21.087
 -24.363  26.395  24.129
 -21.440  28.425  25.309
 -17.756  28.296  26.260
 -15.351  28.823  29.084
 -12.694  31.327  29.971
  -9.044  31.398  31.220
  -7.119  31.491  34.519
 continue
       30000
 -37.602  23.231  13.573
 -34.280  22.648  15.226
 -32.282  23.448  18.367
 -29.657  25.772  19.718
 -26.096  25.866  20.923
 -24.185  25.978  24.177
 -21.741  28.266  25.942
 -18.071  29.118  26.625
 -15.300  29.260  29.168
 -13.174  31.310  31.373
  -9.702  32.629  31.705
  -6.333  31.909  33.277
 continue
       30500
 -38.412  23.608  14.375
 -34.739  24.023  15.259
 -32.257  23.837  18.211
 -29.982  26.126  20.246
 -26.415  26.981  21.238
 -23.729  26.470  23.779
 -21.742  28.207  26.433
 -18.297  29.656  27.152
 -15.052  29.313  29.020
 -12.933  30.941  31.621
  -9.932  33.165  32.243
  -6.280  32.967  33.254
 continue
       31000
 -38.713  24.319  14.625
 -35.459  25.236  16.141
 -32.526  24.416  18.279
 -30.360  25.598  21.155
 -27.187  27.436  21.914
 -23.591  27.282  23.111
 -21.459  28.239  26.102
 -18.423  30.324  27.154
 -14.853  30.206  28.449
 -12.719  30.746  31.500
 -10.368  33.230  33.167
  -6.787  33.772  34.239
 continue
       31500
 -39.409  24.307  16.187
 -36.153  26.003  16.764
 -32.519  25.661  17.767
 -30.026  26.050  20.593
 -27.253  28.251  22.012
 -23.711  28.344  23.163
 -21.381  28.142  26.086
 -19.026  30.191  28.164
 -15.348  31.025  28.513
 -12.293  30.835  30.765
 -10.479  32.421  33.728
  -7.291  34.301  34.644
 continue
       32000
 -39.506  24.309  16.617
 -36.717  26.329  18.111
 -33.009  26.917  18.305
 -30.006  26.540  20.623
 -27.630  28.622  22.744
 -24.015  29.536  23.251
 -20.932  28.519  25.108
 -18.921  29.704  28.099
 -15.818  31.650  29.051
 -12.552  31.466  30.861
 -10.444  32.509  33.758
  -7.189  33.986  34.911
 continue
       32500
 -39.427  24.738  16.481
 -37.094  26.252  19.035
 -33.703  27.878  19.330
 -30.132  27.363  20.531
 -27.990  28.507  23.395
 -24.829  30.372  24.104
 -21.313  29.844  25.218
 -18.830  30.563  27.973
 -15.575  32.374  28.756
 -12.132  31.734  30.114
 -10.242  31.904  33.345
  -7.961  34.001  35.495
 continue
       33000
 -39.483  25.244  16.442
 -37.243  26.328  19.246
 -34.175  28.364  20.035
 -30.586  28.244  21.055
 -28.111  28.902  23.803
 -25.139  31.068  24.368
 -21.394  31.190  24.988
 -18.939  30.717  27.820
 -16.624  32.727  29.960
 -12.898  33.151  30.314
 -10.031  32.029  32.470
  -7.481  33.342  34.948
 continue
       33500
 -39.531  25.604  16.709
 -37.195  26.705  19.452
 -34.593  29.304  20.174
 -30.835  29.351  20.688
 -28.384  29.149  23.486
 -26.123  31.178  25.721
 -22.432  32.070  26.031
 -19.221  31.263  27.798
 -16.770  32.469  30.336
 -13.339  33.910  30.636
  -9.786  32.955  31.552
  -6.862  33.399  33.951
 continue
       34000
 -40.174  26.940  16.242
 -37.487  27.055  18.926
 -35.352  29.300  21.076
 -31.728  30.165  21.735
 -28.656  29.439  23.803
 -26.396  30.975  26.408
 -22.923  32.494  26.606
 -19.308  31.959  27.589
 -16.574  32.554  30.079
 -13.493  34.573  30.734
  -9.765  34.117  30.736
  -6.971  33.941  33.330
 continue
       34500
 -41.143  28.739  16.990
 -37.879  27.836  18.675
 -35.772  28.484  21.710
 -32.675  30.316  22.668
 -29.082  30.119  23.777
 -26.381  30.743  26.278
 -23.292  32.879  26.810
 -19.535  32.733  27.225
 -16.820  33.045  29.853
 -13.843  35.182  30.793
 -10.095  35.305  30.676
  -6.889  35.400  32.722
 continue
       35000
 -42.296  29.107  18.664
 -38.633  28.568  19.496
 -35.890  28.966  22.050
 -32.685  30.858  22.814
 -29.009  30.227  23.156
 -26.329  30.358  25.805
 -23.865  32.685  27.549
 -20.215  33.646  27.305
 -16.794  33.548  28.973
 -14.095  35.493  30.802
 -10.621  36.969  30.611
  -7.217  36.645  32.178
 continue
       35500
 -42.948  29.618  20.254
 -39.252  28.900  20.161
 -36.192  28.760  22.345
 -33.312  30.921  23.588
 -29.537  31.275  23.366
 -26.226  30.971  25.207
 -23.512  33.009  26.899
 -19.915  34.067  26.847
 -16.881  33.668  28.968
 -14.571  35.522  31.294
 -11.672  37.887  31.282
  -7.947  37.872  30.812
 continue
       36000
 -43.539  28.671  21.500
 -40.051  29.886  20.831
 -36.522  29.525  22.058
 -33.815  31.173  24.055
 -30.178  32.228  23.847
 -26.794  31.237  25.141
 -23.956  32.423  27.282
 -20.778  34.389  27.269
 -17.059  34.572  27.859
 -14.550  36.105  30.275
 -11.755  38.595  30.677
  -8.137  38.883  31.794
 continue
       36500
 -44.037  28.984  22.171
 -40.484  30.233  21.838
 -36.942  29.265  22.384
 -33.840  30.048  24.374
 -31.040  32.550  24.663
 -27.259  32.819  24.486
 -24.228  33.475  26.624
 -21.466  35.911  27.498
 -17.629  36.207  27.505
 -14.691  36.277  29.929
 -11.885  38.487  31.167
  -8.230  39.227  30.806
 continue
       37000
 -44.128  27.848  22.697
 -41.123  30.155  22.504
 -37.320  30.359  22.558
 -34.322  31.229  24.660
 -31.414  33.610  25.036
 -27.716  34.044  24.811
 -24.559  34.143  26.846
 -21.802  36.294  28.177
 -18.306  37.599  27.546
 -14.613  36.858  28.115
 -11.692  37.825  30.248
  -8.866  40.233  30.652
 continue
       37500
 -43.813  27.218  22.314
 -41.579  30.038  23.530
 -38.159  31.613  23.078
 -34.701  31.634  24.602
 -31.937  33.665  26.187
 -28.722  35.584  25.362
 -24.941  35.039  25.536
 -21.847  36.040  27.461
 -18.625  37.964  27.559
 -14.833  37.955  27.629
 -11.755  38.709  29.669
  -8.404  40.396  29.503
 continue
       38000
 -44.367  27.817  22.835
 -41.497  29.597  24.646
 -38.639  31.980  24.098
 -34.896  32.155  23.935
 -31.771  33.211  25.768
 -28.981  35.778  26.271
 -25.268  36.285  25.854
 -21.989  36.879  27.531
 -18.856  38.916  27.386
 -15.230  38.803  26.473
 -11.768  38.848  28.084
  -8.814  41.060  29.002
 continue
       38500
 -44.532  28.866  23.176
 -41.481  29.714  25.276
 -38.538  32.096  25.397
 -34.974  32.593  24.630
 -31.712  33.539  26.283
 -28.966  36.126  26.090
 -25.402  36.932  25.146
 -21.937  36.813  26.633
 -19.090  39.015  27.686
 -16.104  40.907  26.342
 -12.350  40.736  26.252
  -9.110  41.271  28.147
 continue
       39000
 -44.860  29.452  24.164
 -41.478  29.979  25.803
 -38.670  32.488  26.044
 -35.332  33.607  24.627
 -31.681  33.605  25.306
 -28.901  35.578  26.958
 -26.116  38.003  26.192
 -22.420  37.930  25.357
 -19.042  38.998  26.746
 -16.165  41.414  26.120
 -12.465  41.899  25.427
  -9.406  43.394  26.941
 continue
       39500
 -45.542  30.268  25.558
 -41.804  30.565  25.180
 -38.581  31.852  26.701
 -35.837  34.351  26.058
 -32.241  34.679  24.940
 -28.817  35.648  26.216
 -25.947  38.018  25.686
 -22.340  38.657  24.909
 -19.084  39.918  26.365
 -16.693  42.866  26.185
 -13.410  43.955  24.623
  -9.751  43.935  25.363
 continue
       40000
 -45.525  30.913  27.010
 -42.163  31.314  25.440
 -38.573  31.816  26.407
 -35.909  34.388  26.211
 -32.415  35.231  24.831
 -28.820  36.089  25.841
 -26.307  38.858  26.181
 -23.418  40.655  24.576
 -19.687  40.780  24.391
 -16.762  42.849  25.607
 -14.007  45.096  24.484
 -10.323  45.362  23.819
 continue
       40500
 -45.561  31.048  27.394
 -42.176  31.746  25.777
 -38.569  32.502  26.640
 -35.868  35.180  26.886
 -33.094  36.899  24.978
 -29.306  36.875  24.526
 -26.147  38.407  25.780
 -23.715  41.149  25.059
 -20.466  42.257  23.414
 -16.845  42.989  24.179
 -14.437  45.934  24.286
 -11.400  47.327  22.597
 continue
       41000
 -45.227  31.065  28.015
 -42.505  33.132  26.426
 -38.820  33.114  25.554
 -35.619  34.561  26.824
 -33.196  37.379  26.211
 -30.077  38.290  24.272
 -26.416  39.043  24.879
 -23.781  41.754  24.764
 -20.660  42.755  22.876
 -17.081  43.901  23.428
 -14.774  46.854  23.733
 -12.475  49.007  21.772
 continue
       41500
 -45.383  30.921  27.589
 -42.293  33.050  27.980
 -39.569  35.003  26.215
 -35.913  34.928  25.573
 -32.846  37.024  25.901
 -30.035  38.794  24.119
 -26.392  39.623  24.375
 -24.113  42.568  24.834
 -21.731  44.821  23.037
 -18.025  45.271  22.355
 -15.057  47.408  23.224
 -12.702  49.694  21.428
 continue
       42000
 -45.309  30.952  28.040
 -42.112  33.015  27.973
 -39.859  35.408  26.165
 -36.284  35.941  25.145
 -32.958  37.372  26.201
 -30.721  40.333  25.251
 -27.581  41.146  23.316
 -23.973  42.043  23.798
 -21.753  45.106  23.643
 -18.981  46.737  21.713
 -15.323  47.865  21.875
 -13.123  50.930  21.828
 continue
       42500
 -45.042  30.867  27.315
 -41.963  32.898  28.203
 -39.882  36.008  27.465
 -36.839  37.143  25.677
 -33.199  38.035  26.142
 -30.802  40.897  25.548
 -28.352  42.264  23.028
 -24.697  42.942  22.463
 -22.108  45.533  23.235
 -19.782  48.160  21.841
 -16.190  49.034  21.156
 -13.019  50.975  21.870
 continue
       43000
 -45.272  31.424  28.979
 -41.895  32.521  27.582
 -39.231  35.237  27.810
 -37.279  38.035  26.177
 -33.931  38.988  24.827
 -31.088  41.368  25.437
 -29.122  44.165  23.888
 -25.540  44.856  22.906
 -22.475  46.906  23.644
 -20.019  49.242  21.982
 -16.466  49.399  20.717
 -13.144  51.090  20.957
 continue
       43500
 -44.649  31.653  29.771
 -42.110  33.153  27.457
 -38.859  35.014  27.546
 -37.289  38.438  27.308
 -34.957  40.556  25.255
 -31.378  41.794  25.159
 -29.232  44.898  25.124
 -26.757  46.680  22.958
 -23.027  47.281  22.656
 -20.371  49.955  22.596
 -17.330  51.064  20.625
 -13.596  50.895  20.552
 continue
       44000
 -44.529  32.174  29.803
 -42.195  34.108  27.623
 -38.805  35.759  27.891
 -37.299  39.179  28.162
 -35.394  41.730  26.021
 -31.874  42.703  25.084
 -29.084  45.161  25.481
 -26.984  47.570  23.526
 -23.699  48.076  21.789
 -20.065  49.046  22.403
 -17.862  52.042  21.943
 -15.281  53.518  19.598
 continue
       44500
 -44.736  32.448  30.159
 -42.966  35.515  28.813
 -39.548  36.727  28.083
 -37.010  39.477  28.626
 -35.125  42.132  26.745
 -31.925  42.884  24.896
 -28.599  44.561  25.167
 -26.739  47.809  24.609
 -24.363  49.531  22.194
 -20.704  50.277  21.675
 -18.238  53.119  21.793
 -16.519  55.591  19.595
 continue
       45000
 -45.330  34.170  31.587
 -43.175  36.821  30.015
 -40.450  37.672  27.537
 -36.743  38.281  27.459
 -34.282  41.078  27.876
 -32.451  43.732  25.950
 -29.098  45.049  24.746
 -26.738  47.990  24.960
 -24.770  50.493  22.817
 -21.291  51.727  21.876
 -19.061  54.749  21.801
 -17.512  57.091  19.306
 continue
       45500
 -45.767  34.699  32.137
 -43.218  37.370  31.326
 -40.737  38.681  28.793
 -37.069  39.220  28.081
 -34.313  41.839  27.927
 -32.221  43.984  25.660
 -28.689  45.180  25.045
 -26.259  48.066  25.232
 -25.359  51.288  23.623
 -22.920  53.119  21.315
 -19.885  55.342  21.154
 -18.547  58.798  20.406
 continue
       46000
 -45.542  34.551  32.295
 -43.120  37.483  32.020
 -40.732  39.509  29.955
 -37.094  40.528  29.387
 -34.719  43.443  29.090
 -32.809  45.509  26.479
 -29.391  45.736  24.834
 -26.362  47.773  24.229
 -25.063  51.311  24.169
 -23.811  54.024  21.970
 -20.899  56.289  21.087
 -19.676  59.869  21.355
 continue
       46500
 -44.827  35.000  33.612
 -42.803  38.216  33.289
 -40.903  40.406  30.858
 -37.497  40.997  29.487
 -34.778  43.592  29.239
 -33.233  45.872  26.739
 -30.073  46.458  24.720
 -26.982  48.629  24.568
 -25.729  52.144  24.934
 -24.993  55.270  22.909
 -22.224  57.185  21.267
 -19.920  60.179  21.750
 continue
       47000
 -45.128  36.259  35.651
 -42.174  38.436  34.722
 -40.862  40.432  31.820
 -37.911  41.024  29.538
 -34.887  43.134  28.938
 -33.780  46.290  27.241
 -31.256  47.846  24.856
 -27.961  49.738  25.024
 -26.726  53.319  25.128
 -25.514  56.216  22.957
 -22.376  58.022  22.032
 -20.478  61.257  22.492
 continue
       47500
 -44.689  36.183  36.605
 -41.902  38.413  35.377
 -40.951  41.010  32.877
 -38.579  41.778  29.965
 -35.250  43.414  29.350
 -33.595  46.719  28.634
 -32.181  48.973  25.943
 -29.206  51.037  25.133
 -27.790  54.514  24.549
 -25.510  56.628  22.442
 -22.441  58.717  23.133
 -21.161  62.253  23.172
 continue
       48000
 -44.423  35.580  36.327
 -41.618  38.027  36.033
 -40.829  41.128  34.137
 -38.625  42.724  31.546
 -36.071  45.581  31.032
 -35.062  48.241  28.601
 -32.456  49.500  26.188
 -29.231  51.427  25.954
 -28.132  54.963  25.517
 -26.258  57.454  23.300
 -23.102  59.396  22.879
 -21.453  62.815  22.814
 continue
       48500
 -42.908  34.940  37.078
 -42.209  38.611  36.469
 -41.692  41.453  34.024
 -38.909  43.186  31.979
 -36.169  45.777  32.140
 -35.119  49.114  30.705
 -33.101  50.841  28.034
 -30.075  52.903  27.259
 -28.681  56.359  26.346
 -26.847  58.080  23.512
 -23.630  59.566  22.320
 -21.797  62.805  21.686
 continue
       49000
 -43.802  35.226  37.191
 -41.946  38.534  37.068
 -41.111  41.483  34.907
 -38.429  43.474  33.029
 -36.298  46.606  32.933
 -35.968  50.076  31.623
 -33.512  51.931  29.365
 -30.706  54.479  29.160
 -29.513  57.427  27.073
 -27.656  58.467  23.953
 -24.375  59.699  22.578
 -22.643  62.488  20.795
 continue
       49500
 -43.695  35.539  36.455
 -42.375  38.902  37.457
 -41.432  42.402  36.405
 -38.559  44.323  34.972
 -36.733  47.617  34.836
 -35.942  50.535  32.622
 -33.508  51.997  30.159
 -31.084  54.777  29.445
 -30.198  57.527  27.081
 -28.047  58.370  24.004
 -25.046  60.262  22.844
 -23.832  63.639  21.431
 continue
       50000
 -43.936  36.192  37.948
 -43.011  39.853  38.274
 -41.422  42.499  36.231
 -38.297  44.583  35.626
 -36.900  48.069  35.810
 -36.200  50.971  33.460
 -34.081  52.330  30.552
 -31.146  54.473  29.619
 -30.274  57.638  27.661
 -28.307  58.900  24.726
 -25.635  61.353  23.531
 -25.253  64.688  21.716
 continue
       50500
 -44.261  37.066  40.571
 -43.029  40.580  39.673
 -41.812  42.696  36.751
 -38.709  44.287  35.247
 -37.123  47.716  34.881
 -36.118  50.495  32.550
 -33.248  52.452  30.926
 -31.458  55.818  30.752
 -31.064  58.948  28.756
 -29.448  60.145  25.588
 -26.491  61.968  24.211
 -25.358  65.290  22.789
 continue
       51000
 -44.050  38.155  42.242
 -43.145  41.474  40.658
 -41.949  42.904  37.318
 -38.918  44.593  35.858
 -37.287  47.830  35.022
 -36.581  50.436  32.406
 -33.726  52.367  30.791
 -32.015  55.728  30.677
 -31.611  58.870  28.701
 -29.473  60.827  26.299
 -26.921  63.478  25.840
 -26.177  66.866  24.248
 continue
       51500
 -43.880  38.378  42.737
 -43.015  41.742  41.212
 -41.879  43.817  38.366
 -38.941  45.675  36.853
 -37.661  49.075  35.872
 -37.199  51.135  32.793
 -34.371  52.436  30.598
 -32.194  55.509  30.265
 -31.665  58.532  28.066
 -28.960  60.788  26.769
 -27.617  64.359  27.437
 -27.825  67.978  26.344
 continue
       52000
 -43.843  38.797  43.377
 -42.909  42.134  42.075
 -42.129  44.221  39.032
 -39.411  45.877  37.052
 -38.029  49.205  35.992
 -37.202  51.252  32.922
 -34.394  53.057  31.253
 -32.804  56.443  31.308
 -32.246  59.318  28.964
 -29.533  61.603  27.566
 -28.012  64.987  28.068
 -27.858  68.556  26.593
 continue
       52500
 -43.629  39.795  44.146
 -43.397  42.889  41.991
 -42.153  43.815  38.585
 -39.242  45.674  37.012
 -37.908  49.234  36.711
 -37.406  52.126  34.408
 -34.810  54.002  32.434
 -33.197  57.419  32.401
 -32.897  60.621  30.481
 -30.535  62.459  28.267
 -28.303  65.440  27.987
 -27.565  68.459  25.972
 continue
       53000
 -44.079  39.217  43.690
 -43.439  42.674  42.346
 -41.883  44.380  39.330
 -39.035  46.770  38.419
 -38.284  50.381  37.835
 -37.601  52.998  35.231
 -34.756  54.796  33.543
 -33.029  58.124  33.096
 -33.027  61.334  30.987
 -31.207  63.044  28.143
 -28.560  65.692  27.804
 -28.038  69.101  26.312
 continue
       53500
 -44.245  39.054  42.773
 -42.709  42.421  42.893
 -42.088  45.534  40.930
 -39.496  47.844  39.561
 -38.422  51.453  39.097
 -37.547  53.907  36.391
 -34.737  55.464  34.470
 -33.163  58.724  33.331
 -33.161  61.279  30.603
 -30.643  63.323  28.595
 -29.039  66.701  28.256
 -28.971  69.691  25.940
 continue
       54000
 -43.788  39.513  43.985
 -42.646  43.055  43.481
 -42.200  45.993  41.221
 -39.543  47.887  39.314
 -37.929  51.349  39.335
 -37.666  54.479  37.267
 -35.156  56.264  35.116
 -33.473  59.537  34.370
 -33.332  62.294  31.751
 -31.070  63.927  29.250
 -29.444  67.222  28.133
 -29.058  69.691  25.278
 continue
       54500
 -43.394  40.450  45.252
 -42.771  43.984  44.085
 -41.610  46.174  41.163
 -38.819  48.556  40.116
 -37.984  52.139  39.488
 -37.760  54.782  36.808
 -35.036  56.709  35.144
 -33.688  60.228  35.178
 -33.735  63.323  32.998
 -32.587  64.627  29.682
 -29.888  66.532  27.976
 -28.677  69.948  26.889
 continue
       55000
 -42.905  41.070  46.070
 -42.980  44.574  44.630
 -41.395  46.565  41.817
 -38.686  48.911  40.662
 -37.827  52.520  40.046
 -37.972  55.183  37.518
 -35.701  57.021  35.158
 -33.912  60.384  34.809
 -33.885  63.516  32.830
 -32.420  65.195  29.812
 -29.664  67.609  28.957
 -28.700  71.013  27.760
 continue
       55500
 -42.885  41.205  46.232
 -41.798  44.749  45.765
 -42.130  47.776  43.491
 -40.056  49.615  40.893
 -38.199  52.788  40.175
 -37.943  55.610  37.599
 -35.886  57.489  35.022
 -33.952  60.663  34.498
 -33.682  63.597  32.080
 -31.049  65.500  30.222
 -29.400  68.922  30.111
 -29.438  72.229  28.160
 continue
       56000
 -42.622  42.157  47.156
 -41.776  45.707  46.230
 -42.053  48.107  43.419
 -39.951  49.890  40.910
 -38.620  53.351  40.094
 -38.180  55.979  37.445
 -35.758  57.845  35.252
 -33.533  60.911  34.837
 -33.253  64.267  33.314
 -31.825  66.316  30.548
 -29.468  69.203  29.841
 -29.593  72.815  28.698
 continue
       56500
 -42.768  43.477  48.125
 -42.741  46.405  45.767
 -41.409  47.889  42.529
 -38.637  50.087  41.347
 -37.477  53.551  40.731
 -37.802  56.613  38.626
 -36.386  58.487  35.693
 -34.092  61.189  34.431
 -33.622  64.857  33.731
 -32.687  67.270  31.036
 -29.848  69.242  29.611
 -28.787  72.878  29.328
 continue
       57000
 -43.421  43.162  47.449
 -42.103  46.652  46.648
 -41.459  48.969  43.708
 -38.788  50.488  41.441
 -37.298  53.864  40.825
 -37.538  56.787  38.452
 -35.600  58.946  35.995
 -33.947  62.292  35.238
 -34.379  65.630  33.473
 -33.024  67.708  30.655
 -29.957  69.655  29.541
 -28.610  73.130  29.125
 continue
       57500
 -43.027  42.910  46.963
 -41.384  46.251  46.434
 -41.652  49.611  44.730
 -40.065  51.648  41.976
 -37.989  54.727  41.151
 -37.834  57.933  39.166
 -36.103  59.686  36.281
 -33.454  62.364  35.599
 -33.081  65.648  33.755
 -31.381  67.359  30.780
 -29.739  70.626  29.774
 -30.383  73.968  28.132
 continue
       58000
 -42.507  43.273  46.523
 -41.642  46.880  46.652
 -41.663  50.030  44.592
 -39.830  52.217  42.153
 -37.829  55.355  41.564
 -37.630  58.739  39.915
 -36.198  60.347  36.866
 -33.485  62.570  35.651
 -32.356  66.022  34.532
 -31.202  67.750  31.378
 -29.924  70.903  29.734
 -31.037  73.890  27.625
 continue
       58500
 -43.405  43.778  47.159
 -42.022  47.321  47.023
 -41.556  50.129  44.616
 -39.087  52.228  42.601
 -37.381  55.615  42.108
 -37.042  58.424  39.583
 -34.614  60.247  37.303
 -33.265  63.801  36.690
 -33.502  66.798  34.400
 -31.840  68.237  31.329
 -30.092  71.361  29.968
 -30.107  74.316  27.621
 continue
       59000
 -43.673  45.303  48.369
 -42.748  48.591  46.817
 -40.766  50.096  43.871
 -37.874  52.324  42.998
 -37.078  55.908  42.381
 -36.678  58.391  39.596
 -34.535  60.817  37.659
 -33.526  64.318  36.849
 -33.874  66.954  34.232
 -32.451  68.601  31.209
 -30.022  71.201  30.210
 -29.277  74.760  29.109
 continue
       59500
 -43.167  46.195  49.613
 -42.468  48.942  47.085
 -40.721  50.301  44.062
 -38.028  52.838  43.286
 -37.651  56.423  42.206
 -37.496  58.967  39.441
 -35.108  60.846  37.158
 -33.008  63.991  36.794
 -33.050  67.139  34.770
 -31.115  68.989  32.156
 -29.521  72.379  31.477
 -29.975  75.305  29.203
 continue
       60000
 -42.155  45.979  49.470
 -42.129  49.544  48.339
 -41.949  51.623  45.222
 -39.298  53.458  43.275
 -38.219  56.791  41.875
 -36.723  58.420  38.792
 -34.102  60.979  38.011
 -33.576  64.588  37.081
 -32.922  66.930  34.169
 -30.683  69.464  32.494
 -29.613  73.057  32.548
 -29.148  75.952  30.144
 continue
       60500
 -42.536  46.467  50.336
 -42.171  49.597  48.314
 -41.090  51.204  45.100
 -38.766  53.767  43.634
 -38.468  57.344  42.321
 -37.784  59.411  39.267
 -35.041  61.496  37.799
 -33.934  64.999  36.869
 -32.642  67.380  34.204
 -29.825  69.862  33.517
 -28.969  73.494  32.943
 -28.688  76.172  30.287
 continue
       61000
 -42.734  47.074  50.327
 -42.669  49.334  47.282
 -40.122  51.251  45.237
 -38.419  54.587  44.329
 -38.842  57.779  42.320
 -37.609  59.879  39.430
 -34.864  62.330  38.498
 -34.145  65.961  37.718
 -33.426  68.230  34.751
 -30.618  69.929  32.898
 -28.562  73.098  32.807
 -27.516  76.090  30.860
 continue
       61500
 -42.497  46.742  49.418
 -42.568  49.733  47.178
 -40.374  51.820  44.845
 -38.918  55.314  44.489
 -38.757  58.173  42.090
 -36.218  60.113  40.111
 -34.409  63.378  39.637
 -34.801  66.625  37.846
 -33.666  68.502  34.799
 -30.589  69.964  33.213
 -28.510  73.034  32.970
 -26.990  75.604  30.674
 continue
       62000
 -43.015  46.798  48.725
 -42.393  49.742  46.469
 -39.966  51.877  44.667
 -38.613  55.341  44.825
 -38.937  58.683  43.026
 -37.535  60.691  40.219
 -35.182  63.622  39.708
 -34.311  66.712  37.663
 -31.722  67.991  35.255
 -29.308  70.845  34.652
 -29.017  74.039  32.579
 -27.443  75.276  29.367
 continue
       62500
 -42.719  46.274  47.844
 -42.833  49.650  46.135
 -40.579  52.409  44.866
 -39.819  56.141  44.575
 -38.785  58.832  42.189
 -35.757  60.631  40.694
 -34.283  64.040  40.500
 -33.715  66.830  38.090
 -31.335  68.239  35.451
 -29.571  71.387  34.372
 -29.325  74.422  32.165
 -27.031  75.700  29.379
 continue
       63000
 -44.936  48.356  47.651
 -42.158  49.378  45.252
 -39.395  51.930  44.838
 -38.702  55.566  44.251
 -37.763  58.144  41.618
 -35.212  60.688  40.676
 -34.568  64.406  40.316
 -34.003  67.200  37.812
 -31.544  68.950  35.616
 -29.525  72.045  34.883
 -28.874  74.766  32.391
 -26.734  76.022  29.631
 continue
       63500
 -45.822  49.611  46.592
 -42.128  49.583  45.804
 -39.262  51.813  44.592
 -38.313  55.519  44.338
 -37.818  58.325  41.854
 -35.107  60.568  40.383
 -33.888  64.108  39.730
 -33.449  66.503  36.850
 -30.891  68.753  35.176
 -29.701  72.360  34.879
 -29.059  75.334  32.595
 -26.460  77.415  30.829
 continue
       64000
 -45.886  49.836  46.137
 -42.202  50.505  46.217
 -39.458  52.737  45.115
 -38.698  56.069  43.648
 -37.525  57.986  40.680
 -34.583  60.109  39.618
 -33.301  63.612  39.289
 -32.757  66.176  36.603
 -30.339  68.641  35.171
 -29.408  72.285  35.257
 -29.303  75.581  33.379
 -26.917  77.968  31.630
 continue
       64500
 -45.732  49.924  46.829
 -42.382  50.770  45.256
 -39.791  53.460  44.799
 -39.097  56.321  42.548
 -36.668  57.763  40.003
 -33.951  60.265  39.714
 -33.711  63.883  38.810
 -32.333  66.097  36.116
 -29.643  68.512  35.156
 -28.992  72.179  35.602
 -29.161  75.458  33.718
 -27.208  78.172  31.898
 continue
       65000
 -44.909  49.097  47.356
 -42.850  50.707  44.577
 -39.914  53.086  44.001
 -39.058  56.488  42.486
 -37.188  58.195  39.739
 -34.110  60.416  39.400
 -33.345  64.021  38.581
 -31.652  66.177  35.990
 -29.327  69.185  36.030
 -29.456  72.848  35.287
 -28.467  75.240  32.604
 -26.306  78.285  32.120
 continue
       65500
 -44.189  48.522  46.600
 -42.221  50.417  44.021
 -39.521  52.963  43.759
 -39.018  56.516  42.641
 -37.020  58.324  40.034
 -34.426  60.923  39.528
 -33.821  64.549  38.707
 -32.812  67.024  36.061
 -30.035  69.378  35.406
 -29.021  72.992  35.029
 -27.636  75.534  32.592
 -24.890  77.848  31.581
 continue
       66000
 -43.319  47.922  45.356
 -40.805  50.109  43.776
 -38.980  53.389  44.027
 -38.861  56.863  42.556
 -37.285  59.078  39.904
 -34.982  62.040  39.703
 -34.568  65.703  39.035
 -33.351  67.880  36.292
 -30.179  69.181  34.673
 -27.833  72.171  35.012
 -27.136  75.412  33.215
 -24.444  76.946  30.983
 continue
       66500
 -41.367  47.269  44.955
 -40.215  50.235  42.918
 -38.815  53.580  43.643
 -39.451  57.292  43.049
 -38.493  60.006  40.528
 -35.401  61.990  39.533
 -34.147  65.498  39.248
 -33.092  68.144  36.725
 -29.989  69.633  35.067
 -27.865  72.723  34.714
 -26.634  75.379  32.356
 -23.608  76.597  30.542
 continue
       67000
 -41.088  46.846  45.150
 -40.906  50.269  43.516
 -38.836  53.378  42.676
 -38.493  57.142  42.963
 -37.919  60.055  40.600
 -35.439  62.625  39.568
 -34.448  66.200  39.244
 -32.800  68.400  36.694
 -29.505  69.884  35.576
 -27.984  73.174  34.513
 -26.618  75.271  31.787
 -23.370  76.522  30.451
 continue
       67500
 -42.803  48.330  45.894
 -40.915  50.487  43.454
 -38.205  53.112  43.071
 -37.931  56.861  42.554
 -37.162  59.625  40.098
 -34.402  62.014  39.033
 -33.700  65.764  39.038
 -33.247  68.602  36.613
 -30.362  70.195  34.835
 -28.070  73.184  34.518
 -26.620  75.778  32.205
 -23.478  76.984  30.563
 continue
       68000
 -43.504  48.972  46.231
 -41.545  51.222  43.933
 -38.896  53.812  43.719
 -38.310  57.263  42.342
 -36.819  59.340  39.580
 -33.684  61.387  38.898
 -32.721  65.029  38.511
 -32.071  67.652  35.886
 -29.537  69.850  34.212
 -27.446  72.980  34.561
 -27.115  76.388  32.854
 -25.249  78.515  30.352
 continue
       68500
 -43.986  50.184  47.015
 -42.341  51.909  44.075
 -39.213  53.883  43.144
 -38.188  57.352  42.311
 -36.651  59.459  39.585
 -33.550  61.336  38.731
 -32.209  64.666  37.767
 -30.748  66.984  35.246
 -27.959  69.426  34.628
 -27.373  73.132  34.886
 -28.069  76.199  32.865
 -27.003  79.172  30.741
 continue
       69000
 -44.913  51.549  47.053
 -42.386  52.284  44.269
 -39.138  54.056  43.633
 -37.907  57.256  41.997
 -35.948  58.633  39.113
 -32.896  60.741  38.367
 -31.158  64.101  38.236
 -31.321  67.197  35.993
 -28.995  69.681  34.329
 -27.974  73.276  34.533
 -28.341  76.587  32.843
 -26.564  79.244  30.940
 continue
       69500
 -44.958  51.974  46.945
 -42.473  52.403  44.153
 -38.948  53.772  43.582
 -37.302  56.978  42.327
 -35.271  58.346  39.504
 -32.654  60.756  38.376
 -31.954  64.454  38.128
 -31.849  67.534  36.037
 -29.722  69.980  34.106
 -27.876  73.262  34.448
 -27.869  76.782  33.072
 -26.026  78.976  30.593
 continue
       70000
 -43.917  49.986  47.228
 -42.347  52.007  44.534
 -39.252  53.700  43.321
 -37.669  57.059  42.661
 -36.585  59.777  40.202
 -33.489  61.483  38.880
 -32.158  65.034  38.306
 -31.174  67.674  35.729
 -28.601  69.965  34.300
 -27.428  73.570  34.108
 -27.568  76.814  32.193
 -25.486  79.287  30.199
 continue
       70500
 -42.314  48.492  46.833
 -41.492  51.556  44.707
 -39.073  54.117  43.361
 -38.224  57.859  43.158
 -37.425  60.582  40.669
 -34.618  62.310  38.786
 -32.468  65.388  38.541
 -31.822  68.479  36.491
 -29.172  70.301  34.442
 -27.255  73.540  34.176
 -26.740  76.590  31.981
 -24.394  78.379  29.522
 continue
       71000
 -41.332  48.869  46.917
 -40.764  51.384  44.155
 -38.369  54.015  42.929
 -37.412  57.629  43.087
 -37.155  60.736  40.939
 -34.885  63.167  39.276
 -33.836  66.835  39.226
 -33.189  69.909  37.114
 -30.692  70.984  34.450
 -27.358  72.444  33.651
 -25.492  75.523  32.707
 -23.791  77.287  29.831
 continue
       71500
 -40.480  48.451  46.329
 -40.247  51.606  44.285
 -37.905  54.390  43.352
 -37.592  58.178  43.570
 -37.597  61.285  41.466
 -35.205  63.324  39.394
 -33.348  66.609  39.079
 -33.397  69.894  37.108
 -31.636  72.133  34.689
 -28.129  72.915  33.335
 -25.172  75.224  32.994
 -22.990  76.635  30.252
 continue
       72000
 -39.925  49.021  46.899
 -40.065  51.689  44.305
 -37.873  54.473  43.108
 -37.174  58.224  43.295
 -37.240  61.394  41.293
 -35.067  63.866  39.446
 -33.517  67.362  39.464
 -33.648  70.543  37.510
 -31.965  72.531  34.734
 -28.630  72.578  32.978
 -25.186  74.196  33.080
 -23.253  77.106  31.610
 continue
       72500
 -40.123  49.140  47.041
 -39.810  52.385  45.154
 -37.398  54.604  43.373
 -36.230  58.124  42.929
 -36.810  61.096  40.617
 -34.934  63.822  38.906
 -33.883  67.425  39.173
 -34.000  70.844  37.560
 -32.280  73.330  35.354
 -29.156  73.446  33.260
 -25.572  74.394  33.207
 -23.019  76.802  31.805
 continue
       73000
 -39.562  49.366  47.634
 -39.545  51.850  44.737
 -37.215  54.249  42.969
 -36.725  58.014  42.732
 -37.050  61.291  40.854
 -35.059  63.909  38.969
 -33.445  67.282  39.200
 -33.325  70.648  37.452
 -31.589  73.347  35.392
 -28.771  73.783  32.917
 -25.255  75.005  32.627
 -23.275  78.020  31.365
 continue
       73500
 -39.104  48.678  46.608
 -39.679  51.950  44.881
 -37.748  54.719  43.291
 -36.561  58.315  43.283
 -36.549  61.464  41.193
 -34.487  63.686  38.952
 -32.723  67.114  38.851
 -32.572  70.624  37.400
 -31.429  72.907  34.577
 -28.132  73.808  33.054
 -25.499  76.520  32.728
 -23.591  78.469  30.181
 continue
       74000
 -39.713  49.205  46.646
 -39.722  52.443  44.800
 -37.600  54.834  42.742
 -35.811  58.170  42.876
 -36.139  61.813  42.095
 -35.148  64.365  39.545
 -32.588  66.830  38.389
 -31.789  70.076  36.707
 -29.644  71.517  34.101
 -26.864  74.083  33.500
 -25.925  77.520  32.271
 -25.431  79.646  29.161
 continue
       74500
 -40.301  49.376  46.590
 -40.119  52.861  45.141
 -38.232  55.418  43.154
 -36.534  58.785  43.110
 -35.768  61.571  40.629
 -32.916  63.178  38.698
 -30.649  66.231  38.328
 -30.856  69.776  36.988
 -29.685  72.032  34.121
 -27.390  74.816  33.162
 -27.134  78.271  31.687
 -25.953  80.396  28.833
 continue
       75000
 -41.689  51.919  47.790
 -40.613  53.640  44.555
 -37.510  54.544  42.598
 -35.100  57.409  41.990
 -34.637  60.871  40.485
 -32.787  63.169  38.166
 -30.849  66.312  38.081
 -30.693  69.779  36.555
 -29.124  71.979  33.814
 -27.205  75.068  32.761
 -27.557  78.662  31.653
 -27.282  80.738  28.482
 continue
       75500
 -42.726  52.815  47.126
 -40.461  54.102  44.470
 -36.855  55.001  43.713
 -34.590  57.725  42.425
 -34.207  61.038  40.559
 -32.874  62.902  37.501
 -30.499  65.742  36.592
 -30.353  69.412  35.593
 -30.102  71.958  32.886
 -28.002  74.987  32.013
 -27.863  78.690  31.623
 -27.205  81.459  29.162
 continue
       76000
 -42.714  54.215  46.099
 -39.562  54.218  44.040
 -35.958  55.394  43.950
 -33.961  58.276  42.506
 -34.375  61.558  40.751
 -33.885  63.321  37.478
 -31.437  65.863  36.025
 -30.928  69.462  35.250
 -30.576  71.921  32.434
 -28.124  74.288  30.885
 -27.170  78.021  31.156
 -28.145  81.447  29.995
 continue
       76500
 -42.559  53.697  46.001
 -39.770  54.676  43.602
 -36.108  55.597  43.290
 -33.845  58.458  42.547
 -33.892  61.897  41.129
 -33.824  63.805  37.865
 -31.690  65.820  35.565
 -30.910  69.532  35.129
 -31.136  72.599  32.954
 -29.287  74.792  30.498
 -27.337  78.002  30.360
 -27.182  81.499  28.850
 continue
       77000
 -42.245  53.612  46.684
 -40.117  54.255  43.572
 -36.712  55.405  42.318
 -34.489  58.269  41.507
 -34.392  62.021  40.931
 -33.880  64.638  38.278
 -31.524  66.904  36.433
 -30.601  70.538  35.999
 -30.809  73.314  33.440
 -29.277  75.061  30.514
 -27.459  77.997  29.033
 -27.717  81.160  26.961
 continue
       77500
 -41.762  52.622  46.814
 -40.677  55.141  44.187
 -38.150  56.445  41.689
 -34.943  58.477  41.204
 -33.640  62.035  41.109
 -33.714  65.139  38.846
 -31.756  67.549  36.705
 -30.877  71.080  35.832
 -30.911  73.429  32.876
 -28.645  75.161  30.402
 -27.759  78.520  28.780
 -27.788  80.595  25.665
 continue
       78000
 -40.938  51.417  45.975
 -40.060  54.998  45.662
 -38.834  57.471  43.108
 -36.282  60.121  42.347
 -35.500  63.391  40.616
 -33.819  65.060  37.605
 -31.085  67.413  36.438
 -30.345  70.926  35.196
 -30.287  73.280  32.268
 -28.403  75.016  29.387
 -27.386  78.392  28.035
 -28.307  81.173  25.742
 continue
       78500
 -39.357  51.519  46.330
 -39.571  55.284  46.247
 -38.970  58.137  43.801
 -36.532  60.729  42.613
 -35.926  64.038  40.797
 -34.983  65.635  37.527
 -32.370  67.074  35.218
 -30.905  70.281  33.901
 -30.526  72.992  31.207
 -28.132  74.975  28.988
 -27.183  78.598  28.273
 -27.358  81.094  25.488
 continue
       79000
 -38.986  52.483  48.290
 -38.970  55.857  46.535
 -38.163  57.475  43.281
 -36.038  59.930  41.352
 -35.702  63.505  40.222
 -35.476  66.039  37.285
 -33.352  68.272  35.159
 -32.535  71.796  33.974
 -31.751  73.587  30.686
 -28.877  74.776  28.539
 -26.514  77.574  27.723
 -25.737  80.543  25.552
 continue
       79500
 -37.781  53.369  48.929
 -38.684  56.299  46.670
 -38.201  57.744  43.144
 -36.182  60.243  41.224
 -36.354  63.794  39.790
 -35.946  65.691  36.574
 -33.604  67.727  34.412
 -32.307  71.173  33.654
 -32.078  74.205  31.484
 -30.059  75.236  28.426
 -26.953  77.023  27.161
 -25.385  79.704  25.004
 continue
       80000
 -37.490  53.264  48.233
 -38.579  56.620  46.930
 -38.693  58.526  43.670
 -36.689  60.874  41.518
 -36.100  64.297  40.202
 -36.421  66.346  36.998
 -34.061  67.185  34.074
 -31.870  69.945  32.765
 -31.723  72.881  30.441
 -29.826  74.528  27.653
 -27.364  77.279  26.837
 -27.035  80.604  25.172
 continue
       80500
 -39.548  53.357  48.656
 -37.748  56.276  46.946
 -38.287  59.225  44.644
 -36.918  60.641  41.457
 -35.474  63.562  39.675
 -35.761  66.132  36.938
 -33.890  67.419  33.976
 -32.193  70.491  32.654
 -32.158  72.822  29.709
 -29.767  74.252  27.105
 -27.965  77.559  26.454
 -28.317  80.665  24.304
 continue
       81000
 -40.234  54.135  48.695
 -38.274  56.924  47.048
 -38.292  59.342  44.176
 -36.827  60.074  40.921
 -34.374  62.572  39.456
 -34.594  65.667  37.330
 -33.897  67.333  34.017
 -31.717  70.029  32.495
 -31.855  73.454  30.829
 -31.473  75.047  27.425
 -29.086  76.638  25.043
 -28.660  79.877  23.194
 continue
       81500
 -40.308  54.576  48.604
 -38.788  57.595  46.888
 -38.800  59.356  43.584
 -36.364  60.202  40.767
 -33.804  62.763  39.731
 -33.438  66.109  37.865
 -33.842  67.663  34.492
 -31.917  68.998  31.607
 -30.756  72.362  30.405
 -31.472  75.057  27.907
 -30.979  76.187  24.348
 -29.322  78.921  22.396
 continue
       82000
 -41.150  54.809  48.528
 -38.451  56.586  46.629
 -37.762  59.654  44.524
 -36.823  60.950  41.113
 -33.934  62.779  39.488
 -33.008  66.000  37.800
 -33.378  67.591  34.412
 -31.841  68.863  31.246
 -30.503  71.939  29.564
 -31.677  74.682  27.147
 -31.280  75.741  23.508
 -29.880  78.224  21.077
 continue
       82500
 -40.542  55.058  48.984
 -38.449  56.178  46.086
 -36.399  59.075  44.787
 -36.131  61.985  42.468
 -35.613  63.018  38.860
 -33.220  65.098  36.836
 -33.147  68.168  34.636
 -32.598  69.325  31.078
 -31.087  72.106  28.937
 -31.835  74.067  25.765
 -30.922  74.848  22.238
 -30.039  77.702  20.027
 continue
       83000
 -38.757  55.224  49.823
 -38.416  56.770  46.323
 -36.080  58.785  44.178
 -36.181  61.963  42.091
 -35.627  63.252  38.623
 -33.694  65.628  36.400
 -34.220  68.482  34.119
 -34.178  69.414  30.479
 -31.960  70.870  27.728
 -31.222  74.062  25.860
 -31.226  75.542  22.393
 -29.467  76.145  19.134
 continue
       83500
 -37.887  56.259  50.094
 -36.955  56.880  46.517
 -35.849  59.393  43.934
 -36.780  62.283  41.800
 -37.398  63.388  38.178
 -35.213  64.600  35.330
 -33.941  67.796  33.644
 -34.397  69.962  30.573
 -32.941  70.699  27.184
 -30.765  72.978  25.086
 -30.878  75.523  22.340
 -29.521  76.050  18.882
 continue
       84000
 -36.331  56.539  50.350
 -37.899  58.212  47.347
 -36.927  59.264  43.845
 -36.333  62.302  41.650
 -37.065  64.084  38.445
 -36.107  64.584  34.796
 -34.345  66.983  32.482
 -34.692  69.309  29.597
 -33.174  69.952  26.247
 -30.834  72.406  24.508
 -30.638  75.410  22.125
 -29.929  76.748  18.648
 continue
       84500
 -36.750  57.577  50.657
 -38.085  59.336  47.539
 -37.667  59.527  43.803
 -35.810  61.110  40.966
 -36.274  63.726  38.355
 -36.271  64.438  34.602
 -34.350  66.334  31.861
 -34.449  69.310  29.470
 -33.952  70.464  25.914
 -31.313  71.842  23.644
 -30.602  74.957  21.637
 -30.837  76.609  18.268
 continue
       85000
 -37.840  57.388  50.245
 -38.356  59.783  47.314
 -37.581  59.923  43.577
 -35.734  61.656  40.915
 -35.796  64.170  38.115
 -35.827  64.511  34.412
 -33.889  65.566  31.359
 -32.839  68.700  29.557
 -33.673  70.984  26.704
 -33.121  71.490  22.999
 -31.324  73.538  20.386
 -31.802  76.562  18.089
 continue
       85500
 -38.826  57.152  49.718
 -38.403  59.925  47.141
 -38.294  60.592  43.475
 -35.763  61.212  40.741
 -34.297  63.759  38.448
 -35.116  65.799  35.300
 -34.218  66.083  31.638
 -32.749  68.320  28.980
 -33.450  70.570  26.062
 -33.275  71.071  22.366
 -31.977  73.462  19.745
 -33.407  75.909  17.256
 continue
       86000
 -40.102  57.448  49.577
 -37.737  58.761  46.934
 -37.528  61.403  44.209
 -36.646  61.810  40.558
 -34.399  63.734  38.139
 -34.597  65.924  35.023
 -33.674  66.464  31.352
 -32.618  68.883  28.708
 -33.979  70.880  25.858
 -33.990  71.192  22.131
 -32.665  73.088  19.163
 -33.834  75.034  16.216
 continue
       86500
 -39.688  57.070  49.091
 -37.497  59.222  46.878
 -37.422  61.880  44.129
 -36.918  62.266  40.402
 -34.673  63.850  37.754
 -34.292  66.524  35.106
 -35.139  67.218  31.544
 -33.733  67.838  28.122
 -33.305  70.523  25.516
 -34.528  71.728  22.070
 -33.626  72.327  18.495
 -33.423  74.944  15.830
 continue
       87000
 -38.695  57.556  49.296
 -36.953  59.557  46.622
 -37.368  62.025  43.900
 -37.474  62.622  40.152
 -35.441  63.768  37.188
 -35.432  66.661  34.730
 -36.650  67.392  31.279
 -35.503  67.804  27.691
 -33.498  70.025  25.209
 -34.082  72.422  22.306
 -34.379  72.630  18.547
 -32.432  73.233  15.447
 continue
       87500
 -37.396  58.777  49.875
 -36.854  59.313  46.211
 -36.896  62.072  43.621
 -38.436  63.622  40.572
 -37.877  63.721  36.769
 -36.209  65.786  34.176
 -36.727  67.950  31.192
 -36.298  68.112  27.529
 -34.278  69.951  24.942
 -34.738  71.678  21.615
 -33.906  71.704  17.956
 -31.659  73.174  15.328
 continue
       88000
 -37.146  59.838  50.204
 -37.759  59.971  46.494
 -36.446  61.371  43.261
 -37.413  64.000  40.671
 -38.570  64.561  37.109
 -37.161  65.736  33.730
 -37.851  67.995  30.797
 -37.299  67.749  27.040
 -35.070  68.813  24.236
 -34.545  71.501  21.595
 -34.132  71.831  17.897
 -31.590  72.703  15.261
 continue
       88500
 -37.730  60.768  50.359
 -38.012  60.611  46.606
 -36.828  62.308  43.466
 -37.902  64.301  40.461
 -38.599  64.161  36.798
 -37.066  64.986  33.523
 -36.979  67.612  30.814
 -38.021  68.461  27.355
 -36.646  68.589  23.787
 -34.218  70.198  21.411
 -34.057  72.256  18.158
 -33.003  72.240  14.544
 continue
       89000
 -38.299  61.673  50.569
 -38.555  61.534  46.801
 -37.272  62.749  43.444
 -37.996  64.827  40.436
 -39.021  64.528  36.835
 -37.579  64.701  33.353
 -35.800  66.655  30.653
 -36.699  68.782  27.623
 -36.456  68.517  23.930
 -34.611  69.374  20.788
 -34.492  71.797  17.989
 -35.521  72.320  14.390
 continue
       89500
 -38.893  62.657  50.694
 -39.861  63.127  47.025
 -38.575  62.364  43.538
 -36.907  64.100  40.593
 -37.692  65.758  37.340
 -37.554  65.158  33.639
 -35.730  66.011  30.486
 -36.163  67.857  27.239
 -36.225  67.812  23.483
 -35.019  69.569  20.386
 -36.217  71.702  17.473
 -36.735  72.070  13.690
 continue
       90000
 -40.317  62.786  50.544
 -39.443  64.450  47.277
 -39.390  64.082  43.535
 -37.499  63.397  40.348
 -36.153  64.975  37.150
 -36.602  64.837  33.415
 -35.487  66.676  30.238
 -36.518  68.738  27.300
 -37.574  68.392  23.683
 -36.095  68.998  20.327
 -36.518  71.149  17.245
 -37.704  71.146  13.681
 continue
       90500
 -41.164  63.732  49.972
 -39.323  64.886  46.919
 -39.705  65.065  43.194
 -37.946  63.943  40.060
 -35.868  64.864  37.123
 -35.986  65.037  33.364
 -35.154  66.972  30.310
 -36.680  69.000  27.495
 -38.075  68.768  24.076
 -37.130  68.575  20.374
 -37.297  70.613  17.284
 -38.736  70.543  13.783
 continue
       91000
 -41.514  64.970  50.156
 -40.438  66.257  46.761
 -39.934  65.182  43.223
 -37.483  64.322  40.542
 -36.216  65.631  37.257
 -35.966  65.081  33.586
 -35.262  66.738  30.227
 -36.708  68.652  27.343
 -37.858  68.105  23.701
 -37.225  68.961  20.058
 -38.569  70.936  17.060
 -40.360  70.503  13.777
 continue
       91500
 -41.544  66.298  50.246
 -41.103  67.002  46.547
 -40.440  65.608  43.108
 -37.736  64.817  40.574
 -36.100  65.982  37.364
 -35.757  65.393  33.638
 -35.841  67.127  30.321
 -37.817  67.463  27.155
 -37.802  67.212  23.382
 -37.614  69.395  20.277
 -39.768  71.024  17.714
 -41.029  70.884  14.170
 continue
       92000
 -42.360  67.225  49.949
 -40.888  67.766  46.519
 -40.294  66.270  43.135
 -37.570  65.100  40.786
 -35.940  65.931  37.472
 -36.313  65.328  33.789
 -36.081  66.887  30.396
 -38.223  67.996  27.499
 -39.026  67.691  23.842
 -38.612  69.420  20.417
 -40.416  70.886  17.460
 -41.218  70.633  13.782
 continue
       92500
 -41.910  67.740  50.122
 -40.743  68.480  46.626
 -40.654  67.020  43.184
 -38.586  65.318  40.572
 -36.955  65.998  37.268
 -36.916  65.671  33.539
 -36.299  67.609  30.283
 -38.148  69.250  27.476
 -39.602  68.401  24.036
 -39.288  68.720  20.297
 -40.211  70.541  17.096
 -42.399  70.344  14.026
 continue
       93000
 -41.527  67.991  50.608
 -40.663  69.033  47.023
 -41.149  67.991  43.450
 -39.212  66.440  40.607
 -37.515  66.991  37.332
 -38.149  66.426  33.651
 -37.124  67.172  30.111
 -38.014  68.995  26.891
 -39.974  68.741  23.708
 -39.599  68.924  19.914
 -40.759  70.885  16.905
 -43.060  70.498  13.852
 continue
       93500
 -41.371  69.108  50.963
 -40.737  69.671  47.280
 -40.834  68.158  43.831
 -38.926  67.153  40.784
 -38.203  67.991  37.143
 -39.072  66.806  33.692
 -38.526  67.578  29.953
 -39.682  69.118  26.715
 -40.725  68.329  23.220
 -39.948  68.888  19.626
 -40.767  71.118  16.749
 -42.422  70.726  13.357
 continue
       94000
 -39.854  69.961  50.654
 -41.071  70.257  47.070
 -41.266  68.251  43.902
 -39.160  68.054  40.732
 -39.625  68.564  37.087
 -39.536  67.358  33.499
 -39.054  68.483  29.888
 -40.725  69.698  26.762
 -41.786  68.760  23.284
 -40.520  68.741  19.750
 -40.552  70.656  16.479
 -41.838  70.386  12.903
 continue
       94500
 -39.153  70.316  50.610
 -40.904  69.557  47.344
 -40.131  68.573  43.784
 -39.699  69.749  40.197
 -41.433  70.393  36.882
 -41.958  68.834  33.483
 -40.575  68.368  29.964
 -40.328  70.015  26.519
 -41.382  69.610  22.950
 -40.136  68.930  19.455
 -40.408  70.068  15.934
 -42.594  69.514  12.946
 continue
       95000
 -38.330  69.303  50.241
 -40.582  69.810  47.261
 -40.693  69.557  43.454
 -40.535  71.449  40.181
 -42.108  71.638  36.696
 -42.158  70.022  33.317
 -40.983  70.281  29.721
 -41.896  70.682  26.101
 -42.469  68.896  22.730
 -40.788  68.400  19.363
 -40.635  69.590  15.767
 -41.621  69.360  12.107
 continue
       95500
 -38.895  69.874  50.313
 -40.126  71.051  46.960
 -41.098  70.231  43.504
 -40.569  70.590  39.738
 -41.948  71.741  36.443
 -42.689  70.599  32.885
 -41.999  71.300  29.298
 -43.330  71.615  25.765
 -43.229  69.978  22.365
 -41.411  69.428  19.065
 -41.343  69.497  15.286
 -40.731  67.493  12.148
 continue
       96000
 -38.688  71.621  49.535
 -41.189  71.438  46.745
 -41.901  70.254  43.161
 -41.005  71.224  39.615
 -42.414  72.365  36.205
 -43.467  71.404  32.719
 -42.071  70.861  29.210
 -42.194  71.857  25.582
 -43.114  70.675  22.091
 -41.458  69.840  18.767
 -41.968  69.657  15.031
 -42.422  67.160  12.252
 continue
       96500
 -40.380  72.376  49.663
 -41.998  72.975  46.311
 -41.720  71.815  42.731
 -41.344  72.776  39.076
 -42.740  72.647  35.620
 -42.316  70.738  32.404
 -41.065  70.970  28.888
 -42.124  71.747  25.345
 -43.420  70.161  22.188
 -42.538  68.574  18.921
 -42.240  69.446  15.295
 -44.035  69.724  12.033
 continue
       97000
 -42.578  74.906  49.079
 -42.869  74.563  45.330
 -41.829  72.317  42.513
 -40.118  72.406  39.165
 -41.071  73.064  35.598
 -42.413  71.227  32.555
 -41.734  70.216  29.021
 -42.650  71.068  25.452
 -43.530  69.762  22.060
 -42.295  69.339  18.557
 -43.188  70.570  15.099
 -45.119  70.295  11.867
 continue
       97500
 -42.062  77.747  47.976
 -43.542  75.749  45.195
 -42.733  73.030  42.603
 -41.234  72.280  39.277
 -41.586  72.694  35.476
 -42.015  70.721  32.298
 -40.776  70.352  28.726
 -41.745  71.722  25.383
 -43.719  70.747  22.334
 -43.444  69.749  18.730
 -44.117  71.184  15.283
 -45.516  70.141  11.905
 continue
       98000
 -41.776  78.705  47.847
 -43.076  77.216  44.635
 -42.490  74.533  42.157
 -41.717  74.063  38.513
 -43.318  72.629  35.516
 -42.605  70.756  32.289
 -40.950  71.280  29.007
 -41.774  72.093  25.383
 -43.665  70.986  22.364
 -43.444  69.973  18.754
 -44.246  71.108  15.215
 -46.754  70.863  12.447
 continue
       98500
 -42.215  79.592  48.291
 -43.031  78.411  44.804
 -41.844  76.118  41.926
 -41.413  75.861  38.214
 -43.265  74.649  35.154
 -43.309  72.036  32.442
 -42.041  71.670  28.917
 -43.333  72.078  25.439
 -44.315  70.172  22.294
 -43.726  70.488  18.600
 -44.873  71.881  15.299
 -46.004  70.798  11.891
 continue
       99000
 -41.425  80.379  48.408
 -42.698  79.519  44.945
 -42.955  77.111  42.054
 -41.773  76.539  38.567
 -42.989  76.177  34.988
 -43.470  73.674  32.234
 -43.171  73.703  28.509
 -44.963  73.324  25.184
 -45.131  71.011  22.254
 -43.720  70.720  18.748
 -44.748  71.468  15.188
 -45.265  70.003  11.804
 continue
       99500
 -40.507  80.694  48.119
 -42.312  80.315  44.855
 -42.866  77.866  42.079
 -42.783  77.768  38.322
 -44.663  77.726  35.108
 -45.075  75.443  32.037
 -43.697  74.678  28.662
 -44.282  75.095  25.002
 -45.045  73.041  21.899
 -43.739  71.533  18.682
 -44.474  70.930  15.005
 -45.694  68.170  12.769
 continue
      100000
 -40.110  80.661  47.877
 -42.690  80.695  45.125
 -43.468  78.943  41.835
 -42.873  79.363  38.189
 -44.716  79.464  34.821
 -45.474  77.507  31.660
 -43.976  76.080  28.476
 -44.407  75.826  24.721
 -45.747  73.740  21.839
 -44.557  71.448  19.074
 -45.029  70.442  15.441
 -45.270  67.362  13.347
 end
      100000
 -40.110  80.661  47.877
 -42.690  80.695  45.125
 -43.468  78.943  41.835
 -42.873  79.363  38.189
 -44.716  79.464  34.821
 -45.474  77.507  31.660
 -43.976  76.080  28.476
 -44.407  75.826  24.721
 -45.747  73.740  21.839
 -44.557  71.448  19.074
 -45.029  70.442  15.441
 -45.270  67.362  13.347
