           1
          12
    1 CA ALA
    2 CA ASP
    3 CA GLU
    4 CA ALA
    5 CA LEU
    6 CA ILE
    7 CA PHE
    8 CA LYS
    9 CA THR
   10 CA ILE
   11 CA ARG
   12 CA ALA
          12
         500
   0.543   0.114  -1.294
   3.989   1.284  -0.634
   6.420   1.427   2.241
   8.788   3.517   4.325
  12.452   4.205   4.781
  15.304   3.746   7.251
  17.509   5.628   9.699
  21.023   6.888  10.237
  24.139   6.637  12.312
  26.172   8.580  14.896
  29.363  10.579  15.333
  33.057  10.230  16.053
 continue
        1000
   0.661   1.746  -1.761
   4.376   1.300  -1.226
   6.940   1.053   1.490
   9.032   2.986   3.967
  12.506   4.225   4.766
  15.404   4.043   7.098
  17.376   5.836   9.759
  20.691   7.527  10.347
  24.167   7.166  11.728
  26.312   8.478  14.497
  29.544  10.397  15.128
  32.835  10.266  16.899
 continue
        1500
   0.877   1.384  -2.602
   4.401   2.090  -1.448
   6.943   1.444   1.314
   9.186   3.301   3.685
  12.691   4.481   4.359
  15.722   3.998   6.611
  17.589   5.895   9.264
  20.831   7.788   9.888
  24.125   7.429  11.827
  26.239   8.659  14.702
  29.236  10.619  15.691
  32.816  10.133  16.920
 continue
        2000
   1.144   0.748  -2.651
   4.544   2.117  -1.602
   7.331   2.190   0.912
   9.334   4.558   3.056
  12.975   5.383   3.679
  15.718   4.772   6.136
  17.760   6.412   8.824
  21.229   7.619   9.792
  24.201   7.013  12.010
  26.092   8.277  15.002
  28.995  10.553  15.917
  32.572  10.716  17.000
 continue
        2500
   1.283   1.791  -2.785
   4.948   1.951  -2.232
   7.565   1.955   0.513
   9.655   4.278   2.673
  13.018   5.787   3.430
  15.988   5.291   5.773
  17.957   6.712   8.678
  21.070   8.452   9.663
  24.251   7.770  11.499
  26.191   8.692  14.571
  29.107  10.626  15.979
  32.219  10.284  18.060
 continue
        3000
   1.499   1.990  -3.332
   5.097   2.792  -2.537
   7.834   2.417   0.051
   9.813   4.237   2.702
  13.408   5.319   3.276
  16.361   5.046   5.631
  18.167   7.161   8.180
  21.397   8.960   9.102
  24.462   8.649  11.262
  25.745   9.645  14.710
  28.878  10.995  16.324
  32.012   9.863  18.023
 continue
        3500
   1.759   2.080  -3.488
   5.483   2.752  -3.090
   7.987   2.939  -0.292
  10.170   5.137   1.774
  13.664   6.204   2.657
  16.304   5.791   5.260
  18.133   7.357   8.083
  21.594   8.445   9.100
  24.296   7.909  11.748
  26.070   9.614  14.606
  29.106  11.465  15.895
  32.127  11.250  18.105
 continue
        4000
   2.324   2.807  -4.700
   5.888   2.885  -3.460
   8.108   3.333  -0.408
  10.387   5.668   1.456
  14.005   6.172   2.411
  16.563   5.805   5.248
  18.335   7.592   8.052
  21.779   8.722   9.092
  24.539   8.199  11.650
  26.031   9.763  14.729
  29.046  11.751  15.741
  32.192  11.840  17.823
 continue
        4500
   3.260   3.873  -5.840
   6.617   4.071  -4.123
   8.435   3.378  -0.883
  10.580   5.110   1.695
  14.197   5.773   2.749
  16.589   5.598   5.675
  18.397   7.874   8.085
  21.713   9.524   8.882
  24.593   9.256  11.187
  26.205  10.262  14.496
  29.196  12.099  16.055
  32.527  11.451  17.667
 continue
        5000
   3.658   4.163  -6.218
   7.086   4.402  -4.780
   9.333   3.799  -1.800
  10.788   5.753   1.038
  13.926   7.030   2.553
  16.524   6.413   5.265
  18.267   7.792   8.319
  21.407   9.270   9.678
  24.503   8.836  11.873
  26.511  10.539  14.544
  29.787  12.240  15.334
  32.838  12.175  17.541
 continue
        5500
   4.098   3.934  -6.772
   7.435   4.978  -5.187
   9.343   4.839  -1.912
  10.998   6.873   0.782
  14.466   7.551   2.237
  16.767   6.768   5.094
  18.493   8.264   8.063
  21.790   9.781   9.323
  24.640   9.225  11.739
  26.356  10.321  14.922
  29.152  12.671  15.870
  32.844  12.614  16.492
 continue
        6000
   4.387   5.249  -7.149
   7.816   5.446  -5.609
   9.418   4.949  -2.206
  11.152   6.904   0.494
  14.521   7.850   1.865
  16.973   7.308   4.735
  18.552   8.871   7.770
  21.619  10.737   8.927
  24.873  10.423  10.859
  26.384  11.127  14.225
  29.058  12.846  16.173
  32.536  12.453  17.562
 continue
        6500
   4.202   5.669  -7.061
   7.805   6.044  -6.140
  10.184   5.728  -3.252
  11.520   7.106   0.006
  14.582   8.751   1.478
  17.298   8.247   4.021
  18.886   9.712   7.122
  22.060  11.096   8.549
  24.888  10.566  10.949
  26.347  11.741  14.224
  29.475  13.166  15.881
  31.996  12.545  18.564
 continue
        7000
   4.482   5.359  -7.520
   7.718   6.702  -6.196
  10.090   6.677  -3.266
  12.165   8.795  -0.928
  15.673   9.313   0.410
  18.045   8.634   3.285
  19.316  10.284   6.427
  22.445  11.458   8.194
  24.686  10.560  11.079
  25.902  11.848  14.482
  28.836  13.529  16.228
  32.102  12.912  18.046
 continue
        7500
   5.045   6.932  -8.340
   8.366   6.711  -6.549
  10.307   6.761  -3.309
  12.384   9.042  -1.186
  15.899   9.743  -0.087
  18.198   9.279   2.866
  19.520  10.871   6.004
  22.580  12.227   7.728
  25.280  11.347  10.297
  26.423  11.742  13.826
  28.726  13.710  15.963
  31.361  13.324  18.622
 continue
        8000
   5.480   7.266  -8.973
   8.930   7.776  -7.382
  10.686   7.092  -4.120
  12.379   9.065  -1.389
  15.787  10.019  -0.003
  17.971   9.704   3.008
  19.674  11.466   5.843
  22.996  12.700   7.216
  25.384  11.699   9.922
  26.329  12.445  13.465
  28.968  14.128  15.592
  31.120  13.648  18.632
 continue
        8500
   5.939   7.526  -9.760
   9.096   8.341  -8.010
  10.864   8.121  -4.645
  12.801  10.041  -2.031
  16.248  10.471  -0.633
  18.218   9.849   2.574
  19.501  11.638   5.665
  22.634  12.335   7.582
  24.480  11.879  10.831
  25.976  13.839  13.689
  29.347  14.640  15.098
  31.807  13.527  17.786
 continue
        9000
   6.860   9.199 -10.659
   9.667   7.977  -8.431
  10.941   8.640  -4.990
  13.416  10.485  -2.776
  16.380  10.245  -0.443
  17.367  10.327   3.162
  19.026  12.580   5.691
  22.415  12.881   7.328
  24.378  12.108  10.399
  26.000  13.617  13.447
  29.280  15.027  14.877
  31.930  14.614  17.491
 continue
        9500
   8.546   9.737 -12.002
  10.238   8.770  -8.776
  10.752   9.254  -5.034
  12.890  11.089  -2.569
  15.869  10.643  -0.365
  17.157  10.613   3.167
  19.175  12.762   5.468
  22.623  12.938   6.955
  24.576  12.565  10.191
  26.128  14.643  12.925
  29.230  15.706  14.686
  31.494  14.911  17.647
 continue
       10000
   8.464   9.766 -12.462
  10.830   9.290  -9.514
  11.379  10.071  -5.863
  13.534  11.902  -3.366
  16.283  11.289  -0.827
  16.969  11.711   2.833
  19.434  13.368   5.142
  22.560  12.858   7.254
  23.852  13.567  10.744
  26.292  15.618  12.746
  29.760  15.599  14.242
  31.697  15.493  17.466
 continue
       10500
   9.115  10.391 -12.856
  10.601   9.556  -9.490
  11.591  11.020  -6.163
  14.830  11.939  -4.405
  16.816  11.360  -1.235
  17.476  12.785   2.234
  19.908  14.687   4.449
  22.684  14.352   6.965
  23.814  14.492  10.546
  26.277  16.361  12.688
  29.682  15.893  14.311
  31.688  15.721  17.516
 continue
       11000
   9.371  10.343 -13.123
  11.032  10.002  -9.819
  11.851  11.938  -6.703
  14.617  13.190  -4.499
  16.765  12.449  -1.499
  18.001  13.740   1.856
  20.941  15.235   3.770
  23.718  14.624   6.236
  24.815  15.312   9.759
  26.824  17.260  12.317
  29.680  16.837  14.691
  30.169  16.251  18.407
 continue
       11500
   8.945  11.002 -12.848
  11.230  10.650  -9.799
  12.409  12.528  -6.783
  15.503  14.022  -5.230
  17.617  13.520  -2.144
  18.804  14.778   1.158
  21.715  16.046   3.243
  23.850  15.308   6.316
  24.354  16.065   9.993
  27.039  17.534  12.258
  29.179  16.902  15.370
  29.975  18.174  18.800
 continue
       12000
   9.480  11.657 -12.876
  10.789  11.640  -9.332
  13.046  13.639  -7.003
  16.372  14.000  -5.265
  18.356  13.507  -2.118
  19.209  15.443   1.054
  22.153  16.546   3.150
  23.741  15.959   6.485
  24.375  17.586   9.896
  27.037  18.866  12.221
  29.209  18.045  15.090
  29.402  18.256  18.876
 continue
       12500
  10.007  12.193 -13.131
  11.327  12.726  -9.583
  13.898  14.473  -7.486
  16.768  14.111  -5.052
  17.521  14.441  -1.316
  19.022  16.637   1.294
  22.206  17.184   3.183
  24.019  16.344   6.357
  24.796  17.412   9.804
  27.220  19.321  11.999
  29.235  19.054  15.202
  29.242  19.506  18.942
 continue
       13000
  11.679  12.256 -13.623
  11.688  13.253 -10.015
  13.365  15.405  -7.423
  16.434  15.375  -5.219
  17.629  15.041  -1.703
  19.568  16.886   0.988
  22.458  16.854   3.459
  23.257  16.539   7.076
  24.640  18.737   9.827
  27.557  19.201  12.186
  28.617  19.056  15.816
  30.227  20.990  18.671
 continue
       13500
  11.457  13.199 -14.090
  12.468  13.614 -10.480
  14.885  15.349  -8.203
  16.995  14.850  -5.141
  17.238  15.735  -1.521
  19.224  17.641   0.999
  21.900  17.377   3.665
  22.723  17.747   7.369
  24.932  19.649   9.759
  27.664  19.023  12.306
  28.449  19.284  15.973
  30.350  21.293  18.510
 continue
       14000
  11.853  13.471 -14.103
  12.872  15.154 -10.826
  15.814  15.523  -8.467
  16.784  14.887  -4.904
  17.145  16.469  -1.501
  19.520  18.095   0.866
  21.763  17.236   3.759
  22.534  18.026   7.375
  24.494  20.143   9.792
  27.500  20.459  12.050
  28.474  19.687  15.596
  29.599  21.389  18.786
 continue
       14500
  12.207  13.823 -14.125
  12.964  15.840 -11.053
  15.729  16.668  -8.638
  16.795  15.923  -5.084
  17.275  17.341  -1.651
  19.928  18.542   0.841
  21.973  17.384   3.839
  22.451  18.204   7.441
  24.376  20.444   9.820
  26.920  20.278  12.550
  27.498  20.457  16.264
  29.652  22.237  18.865
 continue
       15000
  12.439  15.138 -14.643
  13.135  16.110 -11.011
  15.634  17.386  -8.530
  17.555  16.630  -5.377
  17.777  18.101  -1.898
  20.397  18.924   0.601
  21.463  18.304   4.158
  22.247  19.977   7.473
  25.007  20.231   9.921
  26.176  19.534  13.461
  26.815  21.213  16.832
  29.463  22.838  18.970
 continue
       15500
  12.485  15.922 -14.202
  14.436  17.810 -11.639
  16.855  17.514  -8.695
  16.880  17.383  -4.950
  17.961  19.160  -1.853
  20.881  19.495   0.536
  22.115  18.635   4.009
  22.229  20.135   7.416
  24.763  21.534   9.867
  26.122  20.612  13.241
  26.358  21.553  16.795
  28.481  22.697  19.711
 continue
       16000
  12.747  17.333 -14.316
  15.452  18.676 -11.988
  17.377  17.813  -8.950
  17.318  18.140  -5.167
  18.562  20.198  -2.249
  21.310  20.105   0.305
  21.961  19.313   3.904
  22.225  21.023   7.299
  24.602  21.964  10.129
  26.169  20.941  13.409
  25.811  21.730  17.107
  27.631  23.215  20.007
 continue
       16500
  13.899  17.944 -15.512
  14.991  19.494 -12.296
  17.599  19.320  -9.578
  17.919  19.003  -5.832
  19.498  20.536  -2.689
  21.756  20.277   0.346
  21.750  20.237   4.096
  22.862  22.022   7.199
  24.998  21.729  10.327
  24.750  21.189  14.089
  25.228  22.918  17.361
  27.716  23.480  20.147
 continue
       17000
  14.306  18.716 -15.376
  16.679  20.440 -13.102
  18.446  19.918  -9.815
  18.173  20.100  -6.026
  19.424  21.901  -2.917
  21.649  21.254   0.092
  21.626  20.537   3.818
  22.347  21.901   7.258
  24.602  21.951  10.303
  24.695  21.676  14.095
  25.066  23.425  17.398
  27.551  23.847  20.174
 continue
       17500
  15.549  20.412 -16.305
  17.784  21.127 -13.295
  18.647  20.036  -9.795
  18.210  20.852  -6.080
  20.054  22.062  -3.021
  21.676  21.135   0.244
  21.184  21.255   3.986
  21.740  23.199   7.213
  24.119  23.771  10.092
  25.080  22.284  13.430
  25.032  22.679  17.251
  27.027  23.896  20.170
 continue
       18000
  17.031  21.393 -16.771
  18.581  22.185 -13.441
  19.429  20.764  -9.993
  18.536  20.754  -6.410
  19.104  22.517  -3.156
  21.302  22.699  -0.047
  21.477  22.224   3.710
  22.271  23.976   6.949
  24.290  23.543  10.124
  24.406  22.247  13.667
  24.577  23.256  17.232
  26.961  23.997  20.136
 continue
       18500
  18.181  20.929 -17.114
  18.435  23.075 -13.916
  20.129  23.156 -10.562
  19.318  22.650  -6.909
  20.031  23.875  -3.380
  21.746  22.863  -0.181
  21.468  21.994   3.488
  22.046  23.450   6.954
  24.043  23.387  10.105
  24.093  22.647  13.799
  24.756  24.217  17.264
  26.690  24.042  20.500
 continue
       19000
  17.994  22.682 -17.347
  19.357  24.069 -14.143
  20.798  23.038 -10.774
  20.302  22.931  -7.030
  20.954  24.585  -3.756
  22.575  24.047  -0.292
  21.802  23.150   3.349
  21.941  24.079   6.977
  23.959  23.562  10.119
  23.931  22.414  13.668
  24.020  23.788  17.165
  26.394  24.808  19.911
 continue
       19500
  18.991  24.581 -17.634
  20.197  24.980 -14.069
  20.892  23.126 -10.797
  20.109  23.018  -7.147
  21.425  24.324  -3.835
  23.202  23.541  -0.642
  22.530  23.107   3.061
  22.591  24.634   6.542
  24.579  25.105   9.668
  24.779  23.782  13.232
  23.590  24.346  16.780
  24.684  24.036  20.346
 continue
       20000
  18.946  24.953 -17.444
  21.025  25.488 -14.326
  22.280  23.863 -11.189
  21.442  23.598  -7.523
  22.021  25.084  -4.113
  23.342  24.318  -0.648
  22.392  23.678   2.874
  23.089  24.956   6.342
  24.920  24.297   9.622
  24.277  23.415  13.214
  23.094  24.689  16.573
  24.332  25.835  19.933
 continue
       20500
  20.543  24.441 -18.049
  21.168  25.898 -14.663
  22.456  25.079 -11.228
  21.807  24.744  -7.539
  23.227  25.812  -4.167
  24.669  24.495  -0.904
  23.433  23.451   2.448
  22.812  24.959   5.819
  23.914  24.816   9.458
  22.900  24.239  13.032
  23.038  26.034  16.330
  24.667  26.050  19.729
 continue
       21000
  20.936  25.058 -18.273
  22.708  26.059 -15.142
  24.073  24.812 -11.849
  23.018  24.353  -8.225
  22.962  25.763  -4.665
  24.039  25.009  -1.179
  23.068  24.763   2.431
  23.596  26.311   5.842
  24.703  25.513   9.302
  23.256  24.720  12.744
  22.696  26.225  16.200
  23.939  26.339  19.707
 continue
       21500
  22.734  25.639 -18.636
  24.346  25.420 -15.314
  23.806  24.225 -11.772
  22.447  25.224  -8.363
  23.583  26.410  -5.058
  24.647  25.278  -1.570
  23.520  25.302   2.046
  23.526  27.099   5.369
  24.763  26.930   8.998
  23.945  25.468  12.345
  22.699  26.194  15.803
  23.567  26.430  19.445
 continue
       22000
  24.176  24.596 -19.051
  25.326  24.960 -15.387
  24.196  24.656 -11.763
  23.387  26.627  -8.670
  24.558  27.430  -5.103
  24.929  26.024  -1.698
  23.327  25.729   1.677
  23.330  27.237   5.201
  24.468  26.700   8.739
  23.201  25.793  12.162
  22.517  27.035  15.690
  24.476  27.299  18.916
 continue
       22500
  25.287  24.095 -19.023
  26.453  25.505 -15.750
  25.959  24.963 -12.055
  24.215  26.202  -9.000
  25.008  27.053  -5.448
  24.230  26.113  -1.822
  23.217  27.440   1.571
  24.450  27.685   5.152
  23.864  26.363   8.662
  22.369  26.974  12.019
  23.038  28.360  15.430
  24.189  27.412  18.991
 continue
       23000
  26.828  25.579 -19.204
  27.694  25.062 -15.573
  26.075  24.397 -12.257
  24.794  25.992  -9.064
  25.630  26.814  -5.511
  25.111  25.953  -1.899
  23.466  27.211   1.272
  24.060  28.633   4.723
  23.622  27.666   8.276
  22.735  28.957  11.658
  23.861  28.579  15.319
  22.614  27.695  18.791
 continue
       23500
  28.243  25.713 -19.365
  28.202  24.982 -15.696
  26.069  25.190 -12.517
  26.040  26.483  -8.965
  26.234  25.603  -5.317
  24.483  26.248  -2.089
  24.366  28.412   1.077
  25.035  28.229   4.799
  23.703  27.432   8.200
  22.040  28.962  11.215
  22.754  30.267  14.668
  22.726  29.165  18.285
 continue
       24000
  29.747  25.131 -18.854
  27.989  24.692 -15.552
  26.417  26.550 -12.685
  27.174  27.612  -9.124
  27.036  26.267  -5.646
  25.040  26.144  -2.442
  24.770  27.849   0.892
  25.033  27.426   4.672
  23.047  27.417   7.927
  22.245  29.557  10.869
  23.031  30.620  14.366
  21.671  31.521  17.780
 continue
       24500
  30.503  25.683 -19.337
  28.974  24.757 -15.969
  27.563  26.097 -12.736
  28.076  26.728  -9.021
  26.915  25.775  -5.465
  25.114  27.068  -2.494
  25.615  28.263   0.989
  24.777  27.618   4.616
  22.557  29.038   7.343
  22.787  31.161  10.428
  22.904  31.010  14.232
  20.587  31.796  17.122
 continue
       25000
  31.299  25.577 -18.872
  29.370  24.759 -15.906
  28.286  26.109 -12.588
  28.808  25.815  -8.872
  26.776  25.643  -5.736
  25.412  27.960  -3.060
  26.051  29.059   0.475
  24.485  28.890   3.889
  23.007  30.870   6.737
  23.448  31.849  10.354
  22.192  31.043  13.749
  19.697  32.054  16.417
 continue
       25500
  32.142  23.514 -18.659
  29.717  24.343 -15.906
  29.006  26.815 -13.180
  29.279  27.005  -9.348
  27.214  27.083  -6.187
  26.282  29.244  -3.321
  26.360  29.527   0.421
  24.305  28.932   3.535
  22.635  30.888   6.277
  23.031  32.103   9.845
  21.676  31.585  13.407
  19.369  33.127  15.882
 continue
       26000
  32.493  22.131 -18.036
  30.201  24.267 -15.965
  30.125  26.867 -13.165
  29.869  27.220  -9.422
  27.471  27.874  -6.571
  26.492  30.213  -3.793
  26.469  30.376  -0.025
  24.296  29.724   2.991
  22.427  31.607   5.699
  22.710  32.473   9.310
  21.001  32.150  12.559
  19.276  34.142  15.302
 continue
       26500
  33.412  22.757 -18.391
  30.987  24.248 -15.838
  30.962  26.141 -12.620
  29.882  26.090  -9.026
  27.374  27.693  -6.733
  27.054  30.174  -3.928
  26.447  30.419  -0.242
  23.868  31.622   2.300
  23.204  33.784   5.298
  22.858  33.812   9.018
  20.592  32.754  11.844
  18.129  34.039  14.479
 continue
       27000
  33.655  22.348 -18.264
  32.313  24.947 -15.888
  32.140  26.028 -12.263
  29.980  26.035  -9.167
  27.674  28.138  -7.091
  27.314  30.267  -4.012
  26.477  30.261  -0.267
  23.889  31.451   2.159
  23.027  33.929   4.828
  22.345  33.990   8.520
  19.544  33.958  11.125
  17.812  35.867  13.954
 continue
       27500
  34.811  22.061 -17.663
  32.739  24.462 -15.673
  32.579  26.537 -12.507
  31.018  26.795  -9.066
  28.528  28.719  -7.052
  27.945  30.257  -3.650
  25.904  29.580  -0.476
  23.163  30.916   1.758
  22.654  33.202   4.640
  21.374  33.676   8.168
  18.778  35.403  10.278
  18.498  38.303  12.694
 continue
       28000
  36.282  22.988 -17.745
  33.694  24.614 -15.426
  33.218  26.124 -12.023
  31.079  25.650  -8.935
  28.449  27.447  -6.924
  27.922  29.523  -3.871
  25.964  29.783  -0.687
  23.444  31.854   1.256
  22.907  33.941   4.361
  20.679  34.354   7.373
  18.429  36.797   9.191
  17.883  38.776  12.367
 continue
       28500
  36.618  23.088 -17.263
  35.323  25.197 -14.431
  33.910  25.105 -10.962
  30.665  25.306  -9.081
  28.385  27.719  -7.248
  27.895  29.142  -3.791
  25.482  29.598  -0.933
  23.056  32.145   0.340
  22.782  34.661   3.237
  21.514  35.039   6.744
  18.537  36.322   8.509
  17.322  39.307  10.472
 continue
       29000
  37.538  22.311 -16.575
  36.143  24.626 -13.962
  34.093  24.622 -10.857
  30.734  25.836  -9.476
  29.362  28.605  -7.252
  28.452  29.354  -3.699
  25.604  29.523  -1.335
  22.723  31.705  -0.290
  21.954  34.484   2.070
  20.951  35.288   5.699
  18.203  36.887   7.730
  17.223  39.973   9.626
 continue
       29500
  38.180  20.996 -16.038
  36.668  23.855 -14.240
  35.355  25.181 -10.966
  32.127  25.656  -8.995
  29.704  28.142  -7.559
  28.389  29.516  -4.295
  25.237  30.148  -2.270
  23.293  32.826  -0.597
  22.250  34.389   2.701
  19.371  35.140   5.073
  17.273  37.926   6.471
  16.892  40.212   9.417
 continue
       30000
  38.979  20.302 -15.560
  36.937  23.135 -14.019
  35.215  24.292 -10.870
  32.025  25.447  -9.211
  30.265  28.397  -7.551
  29.128  30.035  -4.376
  25.966  30.903  -2.471
  23.860  33.748  -1.070
  22.570  35.231   2.174
  19.451  35.717   4.290
  16.811  38.098   5.545
  15.102  39.378   8.656
 continue
       30500
  38.142  19.766 -15.349
  37.397  22.553 -12.794
  35.023  23.781 -10.147
  32.372  26.320  -9.390
  31.608  29.518  -7.620
  29.825  30.921  -4.591
  26.540  31.313  -2.787
  23.687  33.560  -1.723
  22.150  35.494   1.140
  19.675  35.427   3.968
  16.355  36.831   5.040
  14.693  39.764   6.855
 continue
       31000
  37.617  19.189 -14.450
  37.368  22.093 -12.059
  34.949  23.873  -9.769
  32.714  26.831  -9.572
  32.177  30.087  -7.796
  30.593  31.508  -4.658
  27.578  31.460  -2.248
  24.194  33.005  -1.820
  22.254  35.328   0.405
  19.382  35.530   2.824
  15.972  37.012   3.471
  14.117  39.216   5.941
 continue
       31500
  37.049  18.450 -13.907
  37.358  21.622 -11.809
  35.325  23.774  -9.473
  33.340  26.988  -9.182
  33.245  30.155  -7.151
  31.216  31.957  -4.518
  27.998  31.992  -2.503
  24.595  33.581  -2.191
  22.452  35.540   0.086
  19.463  35.222   2.450
  15.774  36.176   2.722
  13.436  38.651   4.304
 continue
       32000
  37.277  18.263 -13.491
  37.251  21.296 -11.254
  35.025  23.564  -9.225
  33.722  27.043  -8.730
  33.950  30.130  -6.644
  31.987  32.308  -4.208
  28.797  32.577  -2.215
  25.243  33.648  -2.474
  22.491  35.654  -0.730
  19.588  35.282   1.660
  15.880  35.461   2.083
  13.039  37.723   3.014
 continue
       32500
  37.610  18.126 -12.880
  37.429  21.070 -10.451
  35.109  23.614  -8.948
  34.328  27.267  -8.706
  34.510  30.487  -6.629
  32.283  32.505  -4.423
  29.076  32.320  -2.558
  25.462  33.391  -2.551
  22.860  35.500  -0.753
  19.600  35.318   1.268
  15.848  35.642   1.209
  13.030  37.859   2.208
 continue
       33000
  38.187  18.092 -12.466
  38.278  21.138 -10.279
  36.095  23.609  -8.499
  34.558  27.082  -8.598
  34.511  30.341  -6.658
  32.106  32.334  -4.420
  28.821  31.997  -2.637
  25.315  33.266  -2.518
  22.934  35.669  -0.793
  19.502  35.640   0.890
  15.924  36.560   0.329
  13.016  38.473   1.697
 continue
       33500
  39.668  18.575 -12.276
  39.186  21.434  -9.874
  36.448  23.198  -8.014
  34.509  26.404  -7.990
  34.182  29.763  -6.271
  31.918  31.893  -4.137
  28.355  31.931  -2.852
  24.991  33.435  -3.185
  22.654  35.835  -1.504
  19.525  36.212   0.589
  15.836  37.047   0.465
  13.388  39.688   1.427
 continue
       34000
  41.501  18.585 -11.329
  40.061  21.733  -9.668
  37.085  23.238  -7.839
  34.702  26.102  -7.923
  33.867  29.338  -6.250
  31.450  31.302  -4.103
  27.858  31.539  -2.916
  24.686  33.504  -3.396
  22.425  36.122  -2.001
  19.494  36.631   0.373
  15.906  37.842   0.515
  13.912  40.973   1.212
 continue
       34500
  42.257  18.777 -10.772
  40.998  22.147  -9.452
  38.239  23.599  -7.293
  35.045  25.454  -7.490
  33.190  28.622  -6.990
  31.132  30.588  -4.403
  27.507  31.350  -3.436
  24.947  34.106  -3.209
  22.557  35.964  -0.920
  18.930  36.626  -0.142
  16.369  39.364  -0.436
  14.127  41.868   1.307
 continue
       35000
  43.617  19.497  -9.885
  41.137  22.456  -9.623
  38.769  24.204  -7.268
  35.214  25.038  -6.622
  32.825  27.985  -6.347
  30.099  29.428  -4.215
  26.767  31.197  -4.105
  25.203  34.569  -3.656
  22.951  36.463  -1.381
  19.360  37.468  -0.923
  16.946  40.443  -0.841
  14.609  42.429   1.327
 continue
       35500
  43.684  20.592 -10.064
  41.599  23.088  -8.218
  38.278  23.529  -6.407
  34.735  24.773  -6.785
  32.949  28.053  -6.657
  30.634  30.179  -4.380
  27.007  31.024  -3.724
  24.388  33.620  -4.310
  22.760  36.433  -2.425
  19.388  37.668  -1.136
  17.142  40.636  -1.126
  16.363  43.806   0.757
 continue
       36000
  44.130  20.254  -9.072
  41.959  23.146  -8.012
  38.579  23.918  -6.562
  35.154  25.346  -7.211
  32.821  28.211  -6.275
  29.807  29.179  -4.266
  26.359  30.667  -4.487
  24.681  33.990  -4.157
  23.221  36.503  -1.754
  19.950  38.257  -0.939
  17.617  41.137  -1.848
  16.242  44.324  -0.667
 continue
       36500
  44.447  20.278  -9.162
  41.892  22.792  -8.032
  38.565  23.289  -6.297
  35.260  25.006  -6.666
  33.432  28.212  -5.836
  30.579  29.965  -4.024
  27.205  31.426  -4.502
  25.263  34.635  -4.135
  22.630  36.681  -2.224
  19.370  38.638  -2.607
  17.916  42.079  -2.809
  15.842  44.418  -0.738
 continue
       37000
  43.489  19.437  -9.511
  42.043  22.168  -7.336
  38.815  23.323  -5.776
  35.896  25.625  -6.391
  34.155  28.822  -5.265
  30.775  30.151  -4.031
  27.791  32.140  -5.107
  26.052  35.467  -4.707
  23.097  37.076  -2.985
  19.761  38.776  -3.530
  18.043  42.119  -3.260
  15.328  44.021  -1.514
 continue
       37500
  43.547  18.814  -8.346
  41.660  21.583  -6.589
  38.259  23.176  -6.103
  36.310  26.216  -7.059
  34.687  29.294  -5.603
  31.341  30.375  -4.317
  28.512  32.781  -4.934
  26.752  35.969  -4.185
  23.579  37.330  -2.810
  20.295  38.652  -4.017
  18.146  41.787  -4.245
  15.120  43.488  -2.928
 continue
       38000
  43.543  18.393  -7.523
  41.701  21.354  -6.117
  38.249  22.976  -5.914
  36.463  26.131  -6.911
  35.042  29.264  -5.561
  31.629  30.557  -4.406
  29.030  33.081  -5.380
  27.349  36.273  -4.309
  23.892  37.443  -3.394
  20.735  38.855  -4.974
  18.561  41.896  -5.031
  15.374  43.126  -3.448
 continue
       38500
  43.591  18.372  -7.444
  41.772  20.858  -5.167
  38.560  22.773  -5.146
  37.065  25.958  -6.312
  35.093  28.933  -5.032
  31.630  30.290  -4.909
  29.422  32.869  -6.505
  27.544  35.947  -5.365
  24.034  37.082  -4.569
  21.275  39.354  -5.762
  19.218  42.435  -4.788
  15.734  43.592  -4.144
 continue
       39000
  44.600  18.204  -5.509
  42.387  21.143  -4.915
  38.962  22.591  -5.620
  37.028  25.632  -6.496
  34.841  28.298  -5.022
  31.440  29.946  -5.272
  29.587  32.874  -6.623
  27.487  35.699  -5.404
  23.933  36.995  -5.192
  21.759  39.721  -6.571
  20.174  43.002  -5.738
  16.863  44.475  -4.542
 continue
       39500
  45.653  19.121  -4.574
  42.631  21.277  -3.887
  39.298  22.261  -5.297
  37.274  25.227  -6.606
  35.031  27.983  -5.285
  31.507  29.382  -5.502
  29.606  32.281  -6.986
  27.815  35.553  -6.249
  24.405  36.935  -5.591
  21.992  39.575  -6.814
  20.914  43.152  -6.020
  18.138  45.639  -5.895
 continue
       40000
  46.308  19.521  -4.431
  43.193  21.363  -3.526
  39.591  22.004  -4.608
  37.460  24.932  -5.629
  34.965  27.521  -4.476
  31.762  29.124  -5.554
  30.233  32.191  -7.186
  28.221  35.273  -6.514
  24.858  36.973  -6.742
  23.183  40.123  -7.920
  21.839  43.423  -6.712
  18.671  45.307  -6.032
 continue
       40500
  46.432  18.752  -3.962
  43.687  21.146  -2.936
  40.218  22.287  -3.850
  38.352  25.308  -5.133
  35.501  27.649  -4.473
  32.177  28.994  -5.705
  30.522  31.945  -7.268
  28.568  35.038  -6.172
  25.417  37.033  -6.721
  24.154  40.276  -8.162
  22.385  43.404  -7.180
  18.935  44.954  -7.406
 continue
       41000
  46.613  18.896  -2.672
  42.985  20.020  -2.383
  40.381  21.971  -4.215
  39.313  25.494  -5.001
  36.569  27.998  -4.230
  33.288  29.269  -5.498
  31.594  32.502  -6.406
  29.140  35.167  -5.342
  25.843  36.712  -6.453
  24.384  39.515  -8.463
  22.775  42.973  -8.166
  19.479  44.827  -8.525
 continue
       41500
  46.441  17.594  -2.000
  43.300  19.560  -1.932
  41.060  22.090  -3.699
  39.839  25.649  -3.938
  36.967  28.010  -3.467
  33.987  29.484  -5.272
  32.478  32.750  -6.540
  30.099  35.535  -5.728
  26.733  36.970  -6.507
  24.989  39.429  -8.791
  23.070  42.629  -9.116
  19.526  44.025  -9.182
 continue
       42000
  46.380  17.009  -1.308
  43.332  19.243  -0.801
  41.192  21.749  -2.634
  40.269  25.445  -3.189
  37.443  27.910  -2.934
  34.651  29.651  -4.770
  33.362  32.925  -6.181
  30.489  35.449  -6.039
  27.626  36.971  -7.863
  25.978  40.037  -9.408
  23.057  42.481  -8.997
  19.495  43.312  -9.892
 continue
       42500
  46.741  17.424   0.577
  43.481  19.324   0.271
  41.436  21.493  -2.088
  40.405  25.026  -2.914
  37.562  27.561  -2.981
  35.398  29.781  -5.155
  33.984  33.190  -6.207
  30.965  35.417  -5.855
  27.792  36.794  -7.608
  26.223  39.770  -9.210
  23.426  42.257  -9.294
  20.429  43.308 -11.403
 continue
       43000
  46.680  18.202   2.669
  43.789  19.483   0.560
  42.607  22.240  -1.710
  40.888  25.608  -1.860
  37.518  27.285  -2.500
  35.254  29.148  -4.867
  33.811  32.465  -5.846
  30.964  35.041  -5.902
  28.388  36.691  -8.093
  27.280  39.862  -9.913
  24.548  42.420  -9.927
  21.230  43.320 -11.608
 continue
       43500
  47.409  18.770   3.199
  44.160  20.116   1.948
  42.645  22.723  -0.262
  40.252  25.741  -0.320
  37.254  27.195  -2.064
  36.201  29.414  -4.915
  34.350  32.666  -5.563
  30.993  34.058  -6.526
  28.908  35.889  -9.116
  27.807  39.382 -10.054
  25.304  42.219  -9.729
  22.721  44.135 -11.679
 continue
       44000
  47.148  20.360   5.300
  44.646  20.458   2.559
  43.208  22.829   0.003
  40.847  25.758  -0.535
  37.476  26.767  -1.913
  35.834  28.784  -4.584
  34.180  32.166  -5.005
  31.160  33.863  -6.425
  30.152  36.562  -8.858
  28.800  40.081  -9.197
  25.597  41.839 -10.043
  23.731  43.411 -12.910
 continue
       44500
  47.729  20.453   6.012
  44.603  21.077   3.938
  43.232  23.367   1.291
  40.461  25.829   0.481
  37.931  26.764  -2.188
  37.032  29.471  -4.579
  35.157  32.657  -4.884
  31.737  34.018  -5.875
  30.137  36.029  -8.590
  28.719  39.463  -9.282
  25.823  41.206 -10.856
  24.758  43.668 -13.534
 continue
       45000
  46.966  20.188   7.280
  44.988  21.417   4.323
  44.251  24.324   2.074
  41.604  26.927   1.391
  38.414  27.539  -0.518
  37.106  29.830  -3.222
  34.715  32.632  -4.127
  32.236  33.772  -6.703
  31.583  36.452  -9.415
  29.589  39.509 -10.027
  26.287  40.793 -11.277
  24.541  42.968 -13.873
 continue
       45500
  47.145  20.250   8.071
  45.065  21.846   5.364
  44.065  25.101   3.730
  41.076  27.137   2.584
  39.236  28.187  -0.583
  38.478  30.915  -3.034
  35.838  33.525  -3.771
  32.872  34.544  -5.937
  31.802  36.257  -9.053
  29.975  39.264 -10.555
  26.659  40.300 -12.152
  25.011  41.970 -15.132
 continue
       46000
  46.329  21.076   9.458
  45.200  22.440   6.185
  44.410  25.654   4.321
  41.704  27.820   2.789
  39.866  28.844  -0.297
  38.769  31.736  -2.470
  36.002  34.253  -3.144
  33.383  35.065  -5.706
  32.571  37.104  -8.736
  29.995  39.337 -10.296
  27.151  39.379 -12.731
  26.317  40.332 -16.285
 continue
       46500
  46.645  21.756  10.032
  45.292  23.207   6.770
  44.496  26.516   5.146
  41.629  28.773   4.138
  40.073  29.799   0.857
  39.223  32.712  -1.351
  36.292  34.419  -3.014
  34.459  34.639  -6.334
  33.335  37.038  -9.101
  30.306  38.678 -10.515
  27.947  38.638 -13.503
  26.929  40.534 -16.608
 continue
       47000
  46.633  22.656  10.763
  46.406  25.096   7.890
  44.548  28.154   6.641
  41.622  29.033   4.511
  40.388  29.898   1.054
  39.236  32.832  -0.976
  36.387  34.257  -2.891
  35.025  34.499  -6.443
  33.943  36.993  -9.001
  30.761  38.240 -10.567
  28.931  38.373 -13.792
  28.213  40.680 -16.755
 continue
       47500
  47.450  25.068  12.452
  46.851  26.897   9.242
  44.212  28.604   7.164
  41.889  28.458   4.192
  41.124  30.451   1.149
  38.982  33.225  -0.229
  36.197  33.635  -2.749
  35.563  34.399  -6.348
  34.215  37.029  -8.657
  31.268  38.204 -10.593
  30.022  38.503 -14.172
  29.389  40.858 -17.038
 continue
       48000
  48.421  26.648  13.059
  47.120  28.744  10.220
  44.023  30.006   8.414
  42.060  29.394   5.197
  41.435  30.637   1.664
  39.058  32.783  -0.323
  36.568  32.931  -3.192
  36.157  34.701  -6.493
  33.934  37.143  -8.227
  31.604  37.494 -11.178
  31.209  38.905 -14.736
  29.704  41.700 -16.748
 continue
       48500
  48.935  28.239  13.580
  47.358  30.143  10.777
  44.242  30.638   8.672
  42.705  30.318   5.284
  41.403  32.269   2.370
  38.415  32.844   0.115
  37.166  32.467  -3.391
  36.683  34.271  -6.719
  34.350  36.555  -8.630
  32.275  37.210 -11.728
  31.954  39.451 -14.663
  29.765  42.024 -16.451
 continue
       49000
  49.620  29.921  13.796
  46.962  31.118  11.328
  44.354  30.071   8.872
  43.586  30.510   5.197
  42.008  32.741   2.538
  39.127  33.206   0.205
  38.064  33.160  -3.394
  37.043  35.362  -6.338
  34.096  36.646  -8.475
  32.783  36.832 -11.969
  32.503  39.268 -14.915
  30.208  41.269 -17.115
 continue
       49500
  49.617  30.235  14.064
  46.932  31.400  11.792
  44.907  30.576   8.682
  44.229  31.609   5.114
  41.750  33.409   2.928
  39.464  33.065  -0.100
  39.138  34.052  -3.728
  37.587  36.565  -6.084
  34.621  37.031  -8.358
  33.488  36.633 -11.962
  32.985  38.669 -15.041
  30.361  39.619 -17.566
 continue
       50000
  49.332  30.075  14.203
  46.705  31.417  11.922
  45.200  31.085   8.487
  44.804  32.916   5.207
  42.218  34.815   3.208
  40.050  34.366   0.200
  39.742  35.151  -3.459
  37.529  36.633  -6.087
  35.527  35.811  -9.072
  35.208  36.699 -12.737
  33.054  38.587 -15.241
  30.205  38.376 -17.623
 continue
       50500
  49.317  30.400  14.436
  46.739  31.876  12.107
  45.796  32.128   8.469
  45.013  34.407   5.546
  42.226  35.192   3.126
  41.332  34.495  -0.481
  40.691  36.228  -3.750
  37.736  37.199  -5.850
  35.799  36.125  -8.980
  35.471  36.881 -12.623
  33.114  38.005 -15.369
  31.176  36.809 -18.362
 continue
       51000
  49.228  32.825  14.783
  47.054  31.902  11.822
  46.727  32.293   8.082
  45.409  34.680   5.535
  42.588  35.255   3.088
  41.632  35.113  -0.563
  40.600  37.177  -3.473
  37.732  37.466  -5.954
  36.911  36.335  -9.454
  36.273  37.401 -13.023
  33.503  37.529 -15.458
  32.138  35.828 -18.574
 continue
       51500
  49.655  33.436  15.181
  47.717  33.057  11.945
  47.392  34.138   8.355
  44.977  35.760   5.951
  42.970  34.983   2.835
  42.877  35.378  -0.876
  40.993  36.961  -3.757
  38.265  36.464  -6.295
  37.501  35.820  -9.911
  36.312  37.404 -13.106
  33.591  37.461 -15.790
  33.074  36.438 -19.356
 continue
       52000
  49.234  35.027  15.387
  48.919  34.308  11.758
  48.025  35.856   8.404
  45.179  36.106   5.908
  43.605  34.751   2.812
  43.269  35.430  -0.941
  40.652  36.196  -3.643
  39.088  35.114  -6.870
  38.789  35.860 -10.555
  36.618  37.531 -13.169
  34.026  37.026 -15.882
  33.346  37.132 -19.602
 continue
       52500
  49.618  36.882  15.401
  49.606  36.403  11.603
  47.304  36.619   8.618
  45.462  34.910   5.821
  45.156  34.529   2.038
  43.589  35.987  -1.049
  40.701  35.965  -3.462
  39.643  34.825  -6.969
  39.131  35.927 -10.486
  36.575  37.377 -12.897
  34.560  36.380 -15.945
  34.219  36.904 -19.678
 continue
       53000
  50.782  37.415  15.013
  49.916  37.430  11.315
  47.127  37.776   8.819
  45.336  35.813   6.182
  45.367  35.219   2.467
  43.574  36.093  -0.756
  41.520  34.907  -3.711
  41.055  35.100  -7.437
  38.791  36.527 -10.230
  36.229  35.610 -12.748
  35.569  35.277 -16.432
  34.628  37.090 -19.634
 continue
       53500
  51.250  37.689  14.918
  49.846  38.757  11.590
  47.451  37.749   8.845
  47.047  36.409   5.312
  45.515  37.207   1.934
  42.396  36.755  -0.163
  41.267  34.916  -3.231
  41.118  35.129  -7.020
  38.811  35.772  -9.897
  37.540  34.468 -13.255
  37.024  35.351 -16.880
  34.298  36.083 -19.383
 continue
       54000
  52.430  38.686  14.179
  49.487  39.192  11.959
  47.504  37.690   9.120
  47.119  37.552   5.342
  44.852  38.190   2.360
  42.986  36.583  -0.471
  42.917  36.102  -4.217
  40.807  36.919  -7.209
  38.405  35.473  -9.687
  38.114  33.715 -13.049
  37.669  34.236 -16.782
  35.006  34.529 -19.379
 continue
       54500
  52.337  40.471  13.923
  49.520  39.028  11.927
  48.709  37.735   8.481
  47.606  38.747   5.002
  44.679  38.617   2.668
  43.253  36.702  -0.272
  42.977  36.549  -4.029
  40.871  37.276  -7.041
  38.946  35.538  -9.881
  39.154  34.496 -13.486
  37.208  34.240 -16.704
  35.687  31.820 -19.142
 continue
       55000
  52.089  41.040  14.548
  49.563  39.851  11.918
  49.254  38.904   8.285
  47.449  39.668   5.097
  45.123  38.323   2.363
  44.798  37.389  -1.262
  42.639  37.780  -4.270
  40.234  35.976  -6.720
  40.065  34.066  -9.957
  39.141  34.559 -13.626
  36.488  33.659 -16.125
  35.870  31.661 -19.262
 continue
       55500
  50.494  41.733  14.533
  51.099  40.447  11.078
  49.766  40.888   7.535
  46.906  39.966   5.303
  45.721  37.581   2.687
  45.367  37.081  -1.070
  42.931  37.359  -4.010
  41.131  35.438  -6.626
  40.809  34.722 -10.371
  38.535  34.694 -13.333
  36.234  32.646 -15.543
  35.646  31.402 -19.077
 continue
       56000
  51.247  43.061  14.445
  50.887  41.352  11.066
  48.965  41.346   7.824
  47.124  39.225   5.262
  47.338  37.948   1.725
  45.409  38.132  -1.544
  42.681  36.530  -3.646
  41.878  34.336  -6.626
  41.117  34.347 -10.194
  38.184  34.417 -12.575
  36.143  32.254 -15.000
  35.886  31.216 -18.593
 continue
       56500
  51.663  43.325  14.017
  51.395  42.705  10.307
  48.791  42.157   7.585
  47.297  39.530   5.437
  47.323  38.121   1.944
  45.487  38.063  -1.390
  43.231  35.842  -3.490
  42.585  34.434  -6.932
  40.107  34.768  -9.764
  37.752  32.674 -11.844
  37.349  31.238 -15.271
  35.163  31.416 -18.355
 continue
       57000
  52.479  43.819  13.442
  51.224  43.598   9.817
  48.781  41.781   7.630
  48.523  39.634   4.615
  47.036  39.432   1.182
  44.166  37.998  -0.752
  43.221  35.322  -3.163
  42.704  34.762  -6.824
  39.956  34.114  -9.432
  38.316  31.618 -11.653
  37.663  30.603 -15.238
  34.863  30.770 -17.752
 continue
       57500
  53.890  44.666  11.909
  50.912  44.078   9.646
  49.059  41.401   7.793
  48.777  39.881   4.349
  46.496  39.927   1.331
  44.074  37.736  -0.595
  43.831  35.768  -3.775
  41.845  35.449  -7.025
  39.295  33.350  -8.737
  38.891  30.638 -11.425
  37.693  30.280 -14.974
  34.807  29.033 -17.039
 continue
       58000
  54.153  45.559  11.075
  51.134  43.989   9.660
  50.133  41.466   6.987
  48.499  41.256   3.591
  45.553  39.851   1.697
  44.507  36.941  -0.481
  43.809  35.884  -4.100
  41.077  35.418  -6.504
  38.971  32.728  -8.173
  38.989  30.749 -11.402
  36.870  29.869 -14.392
  35.190  26.984 -16.102
 continue
       58500
  53.888  46.421  10.744
  51.472  43.842   9.277
  50.883  42.023   6.139
  48.564  41.679   3.176
  45.654  39.712   1.833
  44.842  37.210  -0.818
  42.595  36.568  -3.720
  40.265  34.058  -5.327
  40.026  31.399  -7.956
  38.779  30.646 -11.455
  35.905  29.111 -13.375
  34.874  26.136 -15.313
 continue
       59000
  53.444  47.077  10.735
  52.615  44.223   8.354
  50.797  43.282   5.138
  47.653  41.823   3.734
  46.355  38.632   2.152
  45.479  37.030  -1.206
  42.629  36.560  -3.641
  40.446  33.779  -4.969
  39.940  31.277  -7.841
  37.481  30.369 -10.626
  35.369  27.665 -11.978
  34.715  25.500 -15.085
 continue
       59500
  53.541  47.714  10.344
  52.828  44.917   7.825
  50.532  43.933   5.056
  48.038  41.447   3.745
  47.391  38.706   1.207
  45.224  37.612  -1.625
  42.421  35.261  -2.704
  41.374  32.423  -4.861
  39.883  31.621  -8.202
  36.786  30.294  -9.847
  34.792  27.223 -10.922
  34.208  24.752 -13.704
 continue
       60000
  53.961  47.322  10.091
  52.777  46.023   6.755
  49.918  44.558   4.824
  48.333  41.320   3.544
  48.029  38.992   0.668
  45.501  37.883  -1.952
  42.878  35.167  -2.578
  41.756  32.328  -4.773
  39.443  31.203  -7.483
  36.563  28.806  -8.249
  35.510  25.964 -10.483
  32.698  25.000 -12.834
 continue
       60500
  54.417  47.779   9.346
  52.931  46.374   6.176
  50.008  44.386   4.814
  49.264  41.207   2.942
  47.252  39.852   0.017
  44.438  37.579  -0.966
  43.526  34.242  -2.605
  41.882  32.733  -5.618
  38.583  31.149  -6.558
  36.883  27.776  -7.077
  35.638  25.375  -9.629
  32.652  24.569 -11.837
 continue
       61000
  55.591  48.269   6.958
  52.201  46.683   6.038
  50.640  43.431   5.349
  49.691  41.104   2.554
  46.988  40.262   0.052
  44.345  37.727  -0.449
  43.345  34.679  -2.344
  41.059  33.228  -4.954
  38.491  30.465  -5.361
  37.743  27.274  -7.166
  35.518  25.705  -9.739
  32.834  23.092 -10.031
 continue
       61500
  56.228  48.479   6.198
  52.971  46.730   5.652
  51.467  43.544   4.350
  49.149  42.218   1.641
  46.179  39.954   1.316
  45.072  36.477   0.185
  43.459  34.731  -2.739
  40.197  33.217  -3.734
  38.385  29.896  -4.317
  37.993  27.142  -6.900
  35.378  25.474  -8.891
  33.408  22.190  -8.961
 continue
       62000
  55.846  49.193   5.416
  54.117  45.868   5.300
  52.557  43.478   2.891
  49.115  42.614   1.506
  46.338  39.971   1.756
  45.250  36.804   0.219
  42.719  35.110  -2.078
  40.343  32.193  -2.252
  39.841  29.012  -4.082
  37.530  27.347  -6.627
  34.720  24.866  -7.206
  33.770  21.552  -8.591
 continue
       62500
  55.976  49.698   5.081
  54.927  46.234   4.102
  52.204  44.398   2.228
  49.200  41.989   2.249
  47.880  38.603   1.439
  45.859  36.738  -1.141
  42.510  35.052  -1.651
  40.748  31.765  -1.528
  39.768  28.706  -3.578
  36.998  27.258  -5.670
  34.660  24.379  -5.882
  33.961  21.140  -7.681
 continue
       63000
  56.327  49.765   4.892
  54.972  46.650   3.141
  51.880  45.044   1.747
  49.661  42.023   2.248
  48.809  38.546   0.946
  46.384  36.530  -1.114
  43.454  34.152  -0.815
  42.101  30.806  -2.096
  39.309  29.140  -4.058
  36.255  26.920  -3.873
  35.157  23.358  -4.346
  33.255  20.864  -6.525
 continue
       63500
  56.919  49.374   4.633
  54.555  47.478   2.342
  51.872  44.859   2.114
  50.958  41.291   1.470
  48.935  38.919  -0.708
  45.772  36.952  -0.659
  44.276  33.494  -0.245
  43.045  30.393  -2.015
  39.912  28.824  -3.325
  37.292  26.218  -2.657
  35.618  22.975  -3.668
  32.233  21.364  -4.472
 continue
       64000
  57.466  49.682   2.858
  54.578  47.584   1.803
  52.477  44.532   2.573
  51.439  41.020   1.412
  49.015  39.068  -0.571
  46.167  36.567  -0.311
  45.195  33.004  -1.276
  42.244  31.055  -2.486
  39.392  28.872  -1.301
  38.218  25.309  -1.023
  36.047  22.749  -2.773
  32.519  21.507  -3.522
 continue
       64500
  57.966  49.795   1.459
  54.939  47.543   1.692
  53.679  44.004   1.864
  51.823  41.260  -0.012
  48.490  39.437  -0.184
  46.655  36.458   1.015
  45.455  33.029  -0.022
  42.316  31.289  -1.464
  39.753  28.725  -0.658
  38.421  25.303  -1.550
  35.278  23.327  -2.317
  33.513  20.158  -1.354
 continue
       65000
  58.427  49.588  -0.239
  55.771  47.353   1.121
  54.166  43.892   1.001
  50.952  42.096   0.180
  48.627  39.407   1.475
  47.445  35.944   0.591
  44.459  33.958  -0.468
  41.817  31.458   0.472
  41.033  27.677   0.608
  39.136  25.044  -1.192
  35.861  23.307  -1.441
  33.798  20.365  -0.067
 continue
       65500
  57.680  50.105  -0.064
  56.856  46.429   0.181
  54.402  43.921  -0.962
  51.039  42.399   0.019
  49.249  39.540   1.798
  47.898  36.076   1.231
  44.816  34.156   0.481
  42.351  31.500   1.738
  41.251  27.902   1.390
  38.606  25.686  -0.049
  35.803  23.230   0.742
  34.901  19.585   0.293
 continue
       66000
  58.158  50.305  -0.754
  57.089  46.928   0.211
  54.572  44.213  -0.695
  51.446  42.346   0.370
  50.127  38.831   0.960
  47.500  36.258   0.174
  44.518  34.268   1.433
  43.483  30.803   2.614
  41.450  27.837   1.495
  38.084  26.088   1.686
  36.425  22.904   2.839
  35.190  19.623   1.478
 continue
       66500
  58.725  49.879  -0.062
  57.137  46.686  -1.138
  53.807  44.817  -0.945
  51.964  42.126   1.029
  50.880  38.552   0.991
  47.916  36.352   0.326
  45.192  34.112   1.658
  43.897  30.577   1.912
  40.928  28.243   1.480
  38.599  26.118   3.496
  37.684  22.506   4.212
  35.036  19.865   3.999
 continue
       67000
  59.482  49.169  -0.015
  56.639  46.951  -1.228
  53.841  44.819   0.012
  52.767  41.224   0.366
  50.122  38.644  -0.526
  47.082  36.787   0.738
  46.170  33.664   2.566
  44.653  30.129   2.100
  41.477  28.152   2.438
  39.203  26.387   4.778
  38.063  22.918   5.761
  35.461  20.247   5.205
 continue
       67500
  59.691  48.812  -1.320
  56.497  46.927  -1.123
  54.567  44.154   0.747
  53.399  40.622   0.416
  50.406  38.504  -0.549
  47.368  36.884   1.042
  46.363  33.689   2.712
  44.108  30.722   2.301
  41.419  28.832   4.231
  40.594  25.619   5.949
  38.492  22.477   5.663
  35.304  20.728   7.071
 continue
       68000
  60.132  48.453  -2.185
  56.857  46.732  -1.519
  55.213  43.855   0.207
  53.158  40.689  -0.009
  50.091  38.935   1.203
  48.982  36.004   3.224
  47.168  32.724   2.780
  43.703  31.115   3.144
  41.520  29.172   5.394
  40.763  25.680   6.362
  38.121  22.881   6.348
  36.056  20.521   8.364
 continue
       68500
  59.377  47.755  -4.025
  57.420  46.328  -1.206
  56.307  43.033   0.493
  53.458  40.518   0.348
  50.292  39.375   1.909
  48.843  36.585   4.017
  47.102  33.274   3.577
  44.213  31.158   4.881
  43.318  28.008   6.757
  41.261  24.872   6.457
  37.826  23.520   7.201
  35.781  21.309   9.518
 continue
       69000
  59.851  47.769  -3.996
  57.537  46.022  -1.587
  56.120  42.618  -0.638
  53.002  40.767   0.309
  51.449  38.872   3.239
  50.328  35.445   4.171
  47.346  33.169   4.391
  44.573  31.706   6.602
  43.418  28.422   8.175
  41.074  25.564   7.704
  37.715  23.924   8.457
  36.248  20.746   9.876
 continue
       69500
  58.712  48.072  -3.970
  58.416  45.088  -1.723
  56.653  41.917  -1.007
  53.579  40.410   0.579
  52.106  38.544   3.511
  50.390  35.354   4.615
  47.181  33.720   5.385
  45.112  31.507   7.718
  43.704  28.003   8.030
  40.553  26.045   8.139
  38.242  24.193  10.515
  37.041  20.709  11.412
 continue
       70000
  59.608  47.471  -3.826
  58.753  44.647  -1.659
  55.872  42.232  -0.974
  53.495  40.957   1.703
  52.522  37.770   3.527
  50.142  34.810   3.557
  47.079  33.397   5.245
  45.993  30.917   7.880
  44.054  27.698   8.477
  40.661  26.192   9.337
  38.709  24.462  12.073
  37.512  21.013  13.093
 continue
       70500
  60.315  47.386  -2.095
  58.820  43.958  -1.733
  55.536  42.093  -1.572
  53.224  40.547   1.049
  52.520  37.313   2.948
  50.042  34.589   3.337
  47.374  33.166   5.615
  46.428  30.209   7.830
  43.875  27.580   8.622
  40.994  26.827  10.894
  39.827  24.525  13.663
  37.975  21.453  14.392
 continue
       71000
  60.219  47.210  -1.715
  58.987  43.691  -2.006
  55.938  41.663  -1.040
  54.407  39.305   1.559
  52.380  36.237   2.094
  48.950  34.919   3.119
  47.165  33.533   6.049
  46.435  30.506   8.188
  43.752  27.967   9.120
  41.567  27.028  11.992
  40.971  24.361  14.475
  38.424  21.859  15.752
 continue
       71500
  61.273  46.026  -2.639
  58.740  43.242  -2.426
  55.606  42.052  -0.754
  54.416  39.659   1.836
  52.688  36.229   2.405
  49.560  34.708   3.694
  47.988  33.040   6.700
  46.320  29.824   7.961
  43.238  28.547   9.762
  42.038  27.458  13.173
  41.624  24.328  15.328
  39.098  21.571  16.140
 continue
       72000
  61.349  45.175  -3.923
  58.614  42.823  -3.051
  55.931  41.915  -0.575
  54.823  39.415   2.056
  52.269  36.810   2.716
  49.422  35.735   4.983
  48.476  33.542   7.928
  47.262  30.100   8.869
  44.312  28.231  10.287
  42.718  26.761  13.340
  41.652  23.581  15.132
  38.966  21.794  17.206
 continue
       72500
  60.958  44.319  -5.186
  57.950  42.606  -3.682
  55.707  42.038  -0.640
  54.894  39.485   2.132
  52.605  36.756   3.295
  50.142  35.687   5.897
  49.508  33.330   8.811
  47.312  30.421   9.911
  44.634  29.420  12.271
  43.716  26.908  14.906
  42.174  23.464  15.328
  39.100  21.435  16.221
 continue
       73000
  59.645  43.752  -6.217
  57.078  42.285  -3.885
  56.378  41.382  -0.255
  55.366  38.537   1.991
  52.388  37.070   3.892
  50.830  36.654   7.253
  50.266  33.831   9.773
  47.844  30.946  10.543
  45.007  29.568  12.669
  44.090  26.993  15.234
  42.540  23.606  15.614
  39.591  21.739  17.119
 continue
       73500
  59.112  42.328  -6.696
  56.750  42.399  -3.755
  56.432  41.738  -0.100
  55.275  38.943   2.264
  52.421  37.480   4.165
  51.274  36.338   7.567
  50.750  33.245   9.478
  48.122  30.836  10.667
  45.918  29.763  13.590
  45.301  26.932  15.949
  43.045  24.010  16.636
  39.842  22.927  18.428
 continue
       74000
  59.357  43.261  -6.521
  56.710  42.293  -4.112
  56.090  41.159  -0.617
  55.184  38.230   1.603
  52.487  37.089   4.116
  52.137  35.968   7.629
  51.044  33.008   9.752
  48.040  31.191  11.174
  46.526  30.078  14.436
  45.614  26.885  16.246
  42.667  24.957  17.622
  41.177  23.889  20.887
 continue
       74500
  58.796  43.397  -6.484
  56.857  42.844  -3.392
  56.796  40.707  -0.243
  55.120  37.586   1.186
  52.538  36.617   3.717
  52.038  35.067   7.106
  50.350  32.379   9.090
  47.752  31.472  11.609
  47.357  30.327  15.183
  46.374  27.322  17.272
  43.500  25.999  19.233
  42.273  25.412  22.782
 continue
       75000
  58.341  43.838  -6.172
  57.506  42.540  -2.671
  56.762  39.474  -0.717
  53.907  37.538   0.891
  52.420  36.771   4.269
  52.338  34.416   7.174
  50.523  31.561   8.833
  47.875  31.039  11.525
  47.372  30.567  15.231
  46.814  28.212  18.044
  44.442  27.062  20.771
  44.011  27.135  24.472
 continue
       75500
  58.176  43.963  -6.109
  57.626  42.337  -2.726
  56.697  39.000  -1.015
  53.926  37.113   0.644
  52.395  36.389   4.068
  52.244  33.935   6.956
  49.875  31.754   9.023
  48.419  31.806  12.531
  48.682  30.212  15.996
  46.927  28.218  18.706
  45.035  28.614  21.910
  45.293  28.125  25.741
 continue
       76000
  57.919  43.242  -6.737
  57.261  41.769  -3.313
  56.407  38.698  -1.382
  53.903  37.232   1.057
  53.168  36.256   4.573
  52.244  33.565   7.043
  49.824  32.692   9.779
  49.484  32.412  13.531
  49.168  30.390  16.619
  46.767  29.198  19.276
  45.866  29.531  22.950
  45.863  27.875  26.350
 continue
       76500
  57.094  41.754  -7.268
  57.380  39.994  -3.972
  55.485  37.894  -1.483
  53.789  38.018   1.910
  54.090  37.078   5.551
  52.984  34.271   7.818
  50.437  33.584  10.607
  49.950  33.285  14.327
  49.039  30.672  16.933
  46.663  29.850  19.750
  46.557  29.827  23.574
  46.685  27.602  26.610
 continue
       77000
  56.951  40.322  -7.520
  56.847  38.547  -4.201
  54.633  37.674  -1.196
  54.015  38.310   2.444
  54.185  36.598   5.817
  51.864  35.024   8.325
  50.604  35.334  11.872
  51.307  34.153  15.403
  50.491  31.279  17.696
  47.764  30.361  20.189
  47.010  29.848  23.825
  46.091  27.155  26.373
 continue
       77500
  57.017  39.307  -7.262
  56.140  37.304  -4.119
  53.892  37.301  -1.205
  53.829  38.270   2.412
  54.019  36.625   5.762
  52.162  35.831   8.946
  51.877  36.185  12.632
  52.099  34.202  15.833
  49.881  32.056  17.967
  48.077  31.627  21.169
  47.954  29.740  24.445
  46.450  26.644  25.883
 continue
       78000
  56.476  38.029  -7.640
  55.353  36.857  -4.275
  54.460  38.255  -0.838
  55.323  38.173   2.806
  54.314  36.332   5.980
  51.992  36.323   9.010
  51.876  36.424  12.795
  51.546  34.019  15.619
  49.245  32.611  18.312
  49.117  32.083  22.066
  49.135  29.393  24.683
  46.774  27.718  27.147
 continue
       78500
  57.301  37.470  -7.367
  54.946  37.737  -4.455
  54.860  38.707  -0.859
  55.173  37.294   2.637
  53.210  36.064   5.666
  52.347  36.529   9.321
  53.023  35.176  12.777
  51.422  33.125  15.569
  49.627  33.144  18.842
  49.987  32.695  22.662
  49.380  30.089  25.360
  47.506  29.320  28.466
 continue
       79000
  57.324  38.649  -7.444
  55.307  38.345  -4.286
  55.432  37.872  -0.530
  54.424  35.681   2.404
  52.501  35.469   5.618
  52.620  35.965   9.372
  53.031  34.256  12.683
  51.391  33.140  15.784
  50.743  33.912  19.510
  51.282  32.673  23.029
  49.662  31.113  26.038
  48.083  31.816  29.329
 continue
       79500
  56.144  39.010  -7.558
  54.877  38.709  -3.944
  55.745  37.658  -0.387
  55.015  35.322   2.452
  53.012  34.926   5.724
  53.558  34.857   9.475
  52.447  33.103  12.583
  50.769  33.586  15.989
  51.470  34.088  19.675
  51.292  32.521  23.179
  49.701  32.897  26.534
  50.092  33.929  30.113
 continue
       80000
  54.862  38.239  -7.237
  55.368  38.573  -3.474
  55.733  36.567  -0.318
  53.820  35.411   2.665
  53.359  35.848   6.368
  54.147  34.192   9.713
  52.739  32.567  12.809
  51.266  33.353  16.127
  52.024  33.894  19.766
  51.169  32.993  23.325
  50.111  34.533  26.625
  51.385  35.416  30.049
 continue
       80500
  54.382  38.174  -7.034
  55.394  37.462  -3.460
  54.820  35.259  -0.446
  53.049  35.185   2.825
  53.957  35.438   6.422
  53.827  33.577   9.759
  52.509  33.690  13.352
  52.695  35.109  16.767
  53.467  34.284  20.327
  51.781  33.351  23.585
  50.424  34.939  26.770
  51.563  35.912  30.214
 continue
       81000
  53.961  37.065  -7.177
  55.251  35.910  -3.774
  53.876  34.534  -0.550
  53.161  35.613   2.921
  54.461  35.624   6.459
  53.987  34.158   9.934
  52.714  34.834  13.441
  53.694  35.793  16.995
  53.547  34.450  20.446
  51.611  34.957  23.737
  51.945  35.975  27.366
  51.953  34.408  30.770
 continue
       81500
  53.603  34.943  -7.337
  54.814  34.171  -3.789
  53.727  34.651  -0.188
  54.249  36.456   3.041
  54.849  35.713   6.654
  53.283  35.333  10.103
  52.910  36.669  13.602
  53.898  35.695  17.011
  52.625  34.876  20.545
  52.173  35.962  24.099
  53.713  35.644  27.493
  52.995  34.162  30.860
 continue
       82000
  55.296  33.452  -6.927
  53.762  32.921  -3.451
  52.798  34.926  -0.446
  54.010  35.956   2.963
  53.854  35.109   6.704
  52.746  36.336  10.141
  53.872  37.639  13.473
  54.513  36.274  16.946
  53.122  35.994  20.404
  53.649  36.959  24.064
  54.547  35.531  27.440
  53.386  34.200  30.728
 continue
       82500
  55.599  32.353  -6.740
  53.840  32.628  -3.460
  53.105  34.780  -0.429
  53.950  35.338   3.207
  52.722  35.055   6.780
  52.280  37.037   9.972
  54.152  37.376  13.218
  54.480  36.279  16.742
  53.567  36.861  20.382
  55.018  37.539  23.897
  55.341  35.757  27.188
  53.894  35.460  30.650
 continue
       83000
  54.683  31.841  -7.004
  53.218  32.679  -3.626
  53.497  34.816  -0.600
  54.485  34.865   3.065
  53.248  34.731   6.631
  52.786  36.643   9.824
  54.042  36.592  13.392
  53.131  36.043  16.964
  53.168  37.731  20.385
  55.118  37.485  23.640
  55.265  36.400  27.272
  56.060  37.462  30.714
 continue
       83500
  53.772  32.065  -7.105
  52.706  33.470  -3.731
  53.832  34.519  -0.305
  53.969  33.573   3.318
  52.452  34.667   6.573
  53.568  36.031   9.913
  54.351  35.335  13.506
  53.343  35.739  17.137
  54.222  37.783  20.184
  56.069  37.877  23.564
  55.605  37.790  27.236
  55.380  40.002  30.284
 continue
       84000
  52.347  32.688  -6.886
  52.316  33.940  -3.276
  53.904  33.288   0.076
  52.871  32.611   3.610
  52.543  34.222   7.037
  54.523  35.526  10.000
  55.397  34.940  13.651
  54.357  36.038  17.037
  55.533  38.202  19.921
  56.234  38.096  23.624
  54.707  39.191  26.884
  55.192  41.687  29.701
 continue
       84500
  49.989  32.049  -5.936
  52.062  33.650  -3.155
  53.963  33.024  -0.027
  53.390  32.846   3.684
  54.137  34.770   6.836
  55.655  34.489  10.327
  54.708  34.612  14.031
  54.356  37.213  16.705
  55.838  38.556  19.827
  55.947  38.535  23.577
  54.669  40.484  26.544
  55.799  42.606  29.393
 continue
       85000
  49.445  31.281  -5.705
  51.719  32.847  -3.109
  53.221  32.064   0.332
  53.152  33.216   3.895
  54.709  35.124   6.670
  56.055  34.881  10.191
  55.009  35.400  13.784
  55.079  37.883  16.552
  56.064  38.392  20.095
  54.684  39.239  23.539
  54.986  41.879  26.188
  56.932  43.116  29.243
 continue
       85500
  50.025  30.344  -5.925
  52.097  31.605  -2.935
  52.228  31.586   0.806
  51.998  33.629   3.927
  54.032  35.189   6.717
  54.838  34.897  10.372
  54.331  36.984  13.581
  56.253  38.721  16.380
  57.108  38.792  20.068
  55.857  40.156  23.314
  56.422  42.720  26.049
  56.380  43.080  29.759
 continue
       86000
  50.683  30.068  -5.661
  51.904  29.846  -2.075
  51.329  31.327   1.367
  52.472  34.066   3.699
  54.345  34.811   6.844
  53.978  35.613  10.543
  54.193  38.290  13.105
  56.072  39.625  16.032
  56.257  39.378  19.812
  55.792  41.370  23.039
  57.399  43.152  25.926
  58.704  42.598  29.493
 continue
       86500
  51.088  28.518  -5.248
  52.077  29.530  -1.783
  51.502  31.826   1.129
  52.662  34.538   3.463
  53.887  34.914   7.104
  52.832  36.241  10.489
  53.752  38.744  13.193
  55.797  39.333  16.294
  55.657  39.919  19.998
  56.613  42.477  22.629
  59.126  43.399  25.281
  59.976  42.826  28.864
 continue
       87000
  52.178  28.790  -4.998
  51.393  28.974  -1.339
  50.435  31.509   1.281
  52.099  33.895   3.802
  52.891  34.449   7.458
  52.499  36.825  10.393
  54.339  38.969  12.837
  56.031  39.082  16.146
  56.049  40.742  19.559
  58.126  42.914  21.858
  59.953  42.939  25.180
  60.046  44.191  28.692
 continue
       87500
  51.126  28.481  -4.821
  50.557  29.250  -1.186
  50.538  31.957   1.448
  52.587  33.038   4.389
  52.419  33.964   8.047
  52.826  36.778  10.548
  55.156  38.673  12.786
  56.224  38.922  16.432
  56.694  41.418  19.248
  59.072  43.490  21.395
  60.525  43.606  24.793
  59.920  45.196  28.108
 continue
       88000
  49.210  27.991  -3.999
  49.246  29.636  -0.577
  50.901  32.295   1.518
  53.362  32.835   4.257
  53.526  33.807   7.921
  53.882  36.627  10.377
  56.103  38.002  13.105
  56.288  38.712  16.819
  56.533  41.670  19.212
  59.003  43.659  21.272
  60.426  44.287  24.748
  61.197  46.981  27.215
 continue
       88500
  48.095  27.642  -3.116
  48.349  30.108  -0.280
  50.850  32.268   1.596
  52.894  32.608   4.756
  53.100  33.958   8.219
  54.868  36.614  10.333
  57.231  37.085  13.199
  57.400  38.703  16.539
  57.646  41.865  18.585
  60.096  43.739  20.724
  60.531  45.114  24.261
  60.503  48.210  26.479
 continue
       89000
  47.000  28.108  -2.662
  47.948  29.875   0.513
  50.917  31.447   2.221
  52.625  31.878   5.455
  53.032  34.243   8.404
  55.420  36.835   9.809
  57.718  37.358  12.788
  57.985  39.348  16.031
  59.504  42.267  17.639
  61.042  43.752  20.724
  60.255  45.622  23.910
  60.486  48.897  25.717
 continue
       89500
  46.207  26.857  -1.116
  47.778  29.777   0.797
  50.892  31.565   2.211
  52.880  32.076   5.373
  53.628  34.876   7.704
  56.443  36.499   9.711
  57.604  37.395  13.183
  57.575  40.228  15.629
  59.740  43.015  17.043
  61.190  43.910  20.371
  60.693  46.193  23.400
  62.259  49.003  25.396
 continue
       90000
  46.210  26.416   0.223
  48.439  29.438   0.748
  51.344  30.572   2.852
  52.157  32.384   5.959
  53.237  35.691   7.314
  56.073  37.526   9.059
  57.255  38.260  12.555
  57.333  40.932  15.304
  59.891  43.054  17.049
  61.242  43.797  20.460
  61.689  46.476  23.066
  64.105  49.098  24.115
 continue
       90500
  47.056  25.754  -0.155
  48.404  29.033   1.060
  50.603  30.483   3.833
  50.760  33.064   6.491
  52.821  36.006   7.647
  55.564  37.097   9.951
  56.180  39.206  12.948
  57.975  42.292  14.018
  60.755  43.611  16.106
  61.923  44.444  19.605
  62.493  47.222  22.145
  65.404  48.647  24.093
 continue
       91000
  46.045  26.893   0.105
  49.035  28.503   1.647
  50.468  29.983   4.788
  50.423  33.217   6.766
  52.570  36.125   7.798
  54.812  37.442  10.640
  55.355  40.288  13.055
  57.790  43.039  13.863
  60.811  43.622  16.039
  61.905  44.920  19.347
  63.692  47.840  21.039
  66.881  48.873  22.737
 continue
       91500
  45.588  26.575   0.530
  48.289  28.787   1.980
  49.311  30.601   5.180
  50.172  33.927   6.716
  52.962  36.185   8.004
  54.679  37.098  11.225
  55.437  39.968  13.546
  58.006  42.715  14.365
  60.620  43.845  16.826
  61.635  46.652  19.089
  64.651  48.882  19.538
  68.008  49.395  21.093
 continue
       92000
  44.811  27.634   0.574
  47.675  28.814   2.691
  48.551  30.561   5.997
  49.868  33.760   7.477
  52.763  35.550   9.048
  53.895  37.463  12.080
  55.677  40.546  13.114
  58.927  42.093  14.263
  60.888  44.096  16.853
  62.351  47.433  17.732
  65.524  49.390  18.086
  67.520  51.700  20.288
 continue
       92500
  44.661  28.365   1.170
  46.299  28.944   4.485
  47.403  31.404   7.049
  50.225  33.820   7.812
  52.914  34.607  10.334
  54.323  37.461  12.430
  56.348  40.653  12.196
  59.480  42.459  13.535
  60.487  45.289  15.860
  62.196  48.637  16.032
  65.348  50.532  17.097
  67.011  52.249  19.975
 continue
       93000
  43.385  27.264   3.803
  45.241  29.390   6.208
  47.659  32.370   6.244
  50.959  33.834   7.271
  52.920  35.334  10.153
  53.948  38.558  11.740
  56.543  41.269  11.946
  59.538  42.693  13.714
  60.643  45.646  15.763
  62.721  48.807  15.479
  65.787  50.777  16.596
  66.641  53.925  18.578
 continue
       93500
  43.555  26.744   5.778
  44.955  29.693   7.714
  47.049  32.786   7.192
  50.526  34.105   7.774
  52.348  36.687   9.773
  54.758  39.638   9.894
  58.076  40.819  11.285
  59.296  43.258  13.985
  60.289  46.768  14.850
  62.885  49.353  14.429
  65.717  51.030  16.195
  66.758  54.267  17.755
 continue
       94000
  43.274  26.717   7.758
  44.517  30.327   8.007
  47.633  32.444   7.434
  50.550  33.900   9.327
  51.986  37.077  10.744
  53.861  40.294  10.074
  57.183  42.105  10.227
  59.173  44.402  12.507
  61.130  47.609  12.693
  64.267  49.270  13.783
  65.737  51.353  16.598
  66.955  54.882  17.262
 continue
       94500
  43.007  26.763   8.885
  44.394  30.220   8.966
  47.446  32.439   8.441
  50.126  34.603   9.876
  51.542  38.083  10.357
  54.473  40.282   9.431
  57.324  42.281  11.015
  58.531  45.579  12.471
  60.907  48.490  12.135
  64.433  49.474  13.157
  66.350  51.649  15.627
  67.916  55.101  16.207
 continue
       95000
  43.337  27.291  10.381
  44.447  30.572   8.959
  47.508  32.575   8.555
  49.680  35.212  10.251
  50.994  38.731  10.200
  54.216  40.694   9.681
  56.940  42.386  11.676
  58.384  45.721  12.833
  61.098  48.254  12.277
  64.474  49.565  13.375
  66.413  52.700  14.402
  68.550  55.638  13.418
 continue
       95500
  42.568  27.577   9.744
  44.252  30.928   9.369
  47.575  32.807   9.596
  49.625  35.284  11.609
  51.173  38.739  11.402
  54.279  40.714  10.784
  57.051  42.834  12.140
  58.390  46.288  11.879
  61.617  48.214  11.261
  64.348  50.320  12.747
  65.869  53.695  13.189
  68.780  55.724  11.937
 continue
       96000
  41.916  28.798  10.356
  44.588  31.303   9.345
  47.842  32.759  10.576
  49.534  35.636  12.345
  51.628  38.645  11.316
  54.988  40.315  11.408
  56.811  43.338  12.731
  58.293  46.680  11.588
  61.614  48.219  10.642
  64.149  50.707  11.960
  65.548  54.120  11.477
  68.707  55.949  10.615
 continue
       96500
  41.536  29.593  11.447
  44.615  31.431  10.348
  47.790  32.908  11.565
  49.268  36.399  11.953
  51.771  38.789  10.540
  55.078  40.342  11.360
  56.528  43.536  12.668
  58.584  46.450  11.585
  62.015  47.998  11.170
  63.935  51.130  12.020
  65.281  54.319  10.442
  68.347  55.949   8.873
 continue
       97000
  41.436  29.362  12.487
  44.106  31.708  11.395
  47.275  33.446  12.374
  49.019  36.762  12.222
  51.969  38.704  10.888
  55.184  40.306  11.864
  56.616  43.838  12.004
  58.881  46.285  10.316
  62.108  48.102  10.841
  63.706  51.478  11.337
  65.469  54.147   9.321
  68.591  56.356   9.426
 continue
       97500
  41.067  30.358  13.448
  44.594  31.529  12.616
  47.599  33.561  13.566
  49.106  36.973  12.867
  51.857  38.577  10.936
  54.786  40.818  11.454
  56.081  44.338  11.042
  58.720  46.539   9.400
  61.910  48.200  10.317
  63.465  51.606  10.630
  65.954  53.869   9.021
  69.115  55.806   9.784
 continue
       98000
  41.884  30.045  15.246
  45.004  31.559  13.690
  46.915  34.812  14.024
  48.523  37.607  11.998
  51.949  38.590  10.852
  54.513  41.196  11.685
  55.885  44.658  10.757
  58.812  46.360   9.088
  62.100  48.137   9.989
  63.607  51.549   9.954
  66.349  53.708   8.629
  69.804  55.213   9.253
 continue
       98500
  42.144  29.920  15.504
  45.348  31.832  14.960
  46.717  35.270  14.655
  48.187  37.934  12.400
  51.560  39.254  11.206
  54.055  41.956  11.609
  55.894  44.829   9.980
  59.473  45.839   9.316
  62.165  48.199  10.251
  63.759  51.497   9.374
  66.662  52.913   7.492
  69.957  54.704   8.066
 continue
       99000
  41.596  30.393  15.289
  44.773  32.299  15.770
  46.570  35.571  15.349
  48.865  37.475  12.941
  52.090  39.360  12.787
  53.961  42.619  12.656
  55.611  45.014  10.214
  59.040  46.041   9.136
  61.774  48.605   9.483
  63.800  51.285   7.705
  67.180  52.288   6.363
  70.101  54.598   7.365
 continue
       99500
  41.292  30.605  15.747
  44.353  32.793  16.313
  46.083  36.055  15.496
  49.022  37.630  13.626
  52.281  39.537  13.720
  53.550  42.979  13.081
  56.043  44.674  10.705
  59.471  46.264  10.283
  61.228  49.360   8.879
  63.590  50.677   6.244
  67.148  51.812   5.622
  69.640  54.638   5.268
 continue
      100000
  41.802  30.762  16.683
  44.030  33.824  17.187
  45.617  36.808  15.540
  48.974  37.983  14.216
  51.805  40.479  14.377
  53.563  43.204  12.483
  56.739  44.050  10.669
  60.067  45.894  10.468
  61.811  48.980   9.269
  63.213  50.496   6.096
  66.410  51.643   4.628
  68.368  54.530   3.090
 end
      100000
  41.802  30.762  16.683
  44.030  33.824  17.187
  45.617  36.808  15.540
  48.974  37.983  14.216
  51.805  40.479  14.377
  53.563  43.204  12.483
  56.739  44.050  10.669
  60.067  45.894  10.468
  61.811  48.980   9.269
  63.213  50.496   6.096
  66.410  51.643   4.628
  68.368  54.530   3.090
