  # There has been      100000 steps
 # The current temp is  0.305635840    
 # Number of atoms
          12
 # X(i)Y(i)Z(i)
    1   1 CA ALA  41.802  30.762  16.683   1.000
    2   2 CA ASP  44.030  33.824  17.187   1.000
    3   3 CA GLU  45.617  36.808  15.540   1.000
    4   4 CA ALA  48.974  37.983  14.216   1.000
    5   5 CA LEU  51.805  40.479  14.377   1.000
    6   6 CA ILE  53.563  43.204  12.483   1.000
    7   7 CA PHE  56.739  44.050  10.669   1.000
    8   8 CA LYS  60.067  45.894  10.468   1.000
    9   9 CA THR  61.811  48.980   9.269   1.000
   10  10 CA ILE  63.213  50.496   6.096   1.000
   11  11 CA ARG  66.410  51.643   4.628   1.000
   12  12 CA ALA  68.368  54.530   3.090   1.000
    1   0.488   0.779   0.961
    2  -0.230   0.050   0.190
    3  -0.895  -0.124  -0.694
    4   0.076   0.283   0.717
    5   0.410  -0.636   0.363
    6  -0.364   0.272  -0.251
    7   0.250   0.882   0.187
    8  -0.038  -0.224  -0.043
    9   1.020  -0.386  -0.213
   10  -0.298  -0.373  -0.837
   11  -0.705  -0.215   0.357
   12  -0.230   0.423  -0.667
           1
          12
