  # There has been      100000 steps
 # The current temp is  0.302972496    
 # Number of atoms
          12
 # X(i)Y(i)Z(i)
    1   1 CA ALA-101.582   8.603 -63.050   1.000
    2   2 CA ALA-100.854   9.694 -59.545   1.000
    3   3 CA ALA -98.069   9.603 -57.031   1.000
    4   4 CA ALA -97.075   8.294 -53.607   1.000
    5   5 CA LEU -96.258   9.233 -50.021   1.000
    6   6 CA ILE -93.442   9.285 -47.492   1.000
    7   7 CA PHE -93.025   8.425 -43.887   1.000
    8   8 CA ALA -91.942   9.696 -40.506   1.000
    9   9 CA THR -89.279   9.783 -37.781   1.000
   10  10 CA ILE -88.169   8.498 -34.427   1.000
   11  11 CA ALA -87.543   9.422 -30.849   1.000
   12  12 CA ALA -85.053  11.362 -28.752   1.000
    1  -0.645  -0.492   0.409
    2  -0.160   0.061  -0.218
    3  -0.912  -0.584  -0.136
    4  -0.351  -1.023  -0.173
    5  -0.250   0.288  -0.031
    6  -0.901  -0.487   0.217
    7   0.981  -0.777   0.584
    8   0.008   0.564  -0.696
    9  -0.544   0.298  -0.344
   10   0.712  -0.085  -0.550
   11  -0.306  -0.239  -0.470
   12   0.320  -0.102  -0.203
           1
          12
