  # There has been      100000 steps
 # The current temp is  0.330379307    
 # Number of atoms
          12
 # X(i)Y(i)Z(i)
    1   1 CA ALA -40.110  80.661  47.877   1.000
    2   2 CA ASP -42.690  80.695  45.125   1.000
    3   3 CA GLU -43.468  78.943  41.835   1.000
    4   4 CA ALA -42.873  79.363  38.189   1.000
    5   5 CA LEU -44.716  79.464  34.821   1.000
    6   6 CA ILE -45.474  77.507  31.660   1.000
    7   7 CA PHE -43.976  76.080  28.476   1.000
    8   8 CA LYS -44.407  75.826  24.721   1.000
    9   9 CA THR -45.747  73.740  21.839   1.000
   10  10 CA ILE -44.557  71.448  19.074   1.000
   11  11 CA ARG -45.029  70.442  15.441   1.000
   12  12 CA ALA -45.270  67.362  13.347   1.000
    1  -0.078   0.135  -0.468
    2  -0.436   0.411   0.169
    3  -0.236   0.542  -0.883
    4   0.270  -0.119   0.430
    5   0.083   0.276  -0.427
    6   0.087   1.455  -0.046
    7   0.416   0.872   0.504
    8  -0.942   0.491  -0.270
    9   0.104  -0.056   0.451
   10  -0.311  -0.504   0.658
   11  -0.789  -0.874   0.297
   12   0.474   0.538  -0.326
           1
          12
